Spectra extracted from: /Users/belmont/Recherche/codes/BELM/belm/simu000/spectra.txt
At local time: 15:59:43,  07/01/2021
Author: belmont
 
PARAMETERS:-----------------------------------
time      = 0.00e+00
Rcm       = 5.00e+07
tau       = 2.40e+00
lb        = 1.61e-02
beta      = 2.91e+08
lth       = 9.49e+00
lc        = 0.00e+00
Tp        = 1.00e+06
pinj      = 1.57e-01
lnth      = 9.50e-01
p1        = 8.31e-01
p2        = 1.00e+03
gamma_inj = 5.00e+00
linjw     = 0.00e+00
kTin      = 1.00e+00
kTout     = 1.00e-10
linjem    = 0.00e+00
linjep    = 0.00e+00
lslh      = 0.00e+00
lh        = 0.00e+00
llll      = 0.00e+00
lblh      = 0.00e+00
lnthlh    = 0.00e+00
par3      = 0.00e+00
y         = 0.00e+00
rr        = 0.00e+00
qsto      = 1.67e+00
lsto      = 0.00e+00
lstotot   = 0.00e+00
tau_inj   = 0.00e+00
kTin_inj  = 0.00e+00
pinj_inj  = 0.00e+00
 
PHOTON DISTRIBUTIONS:-------------------------
 #bin     Emin(keV)         E(keV)          Emax(keV)        Distribution     SPECTRUM         Compton          Synchrotron      Error           
-----------------------------------------------
0001    5.1099903e-07    5.3964249e-07    5.7168774e-07    8.4519144e+22    8.4519144e+22    7.6194502e+22    8.3235376e+21    1.1024486e+18
0002    5.7168774e-07    6.0373299e-07    6.3958402e-07    1.1820985e+23    1.1820985e+23   -1.2290650e+23    2.4111523e+23    1.1375967e+18
0003    6.3958402e-07    6.7543510e-07    7.1554405e-07    1.6522567e+23    1.6522567e+23   -1.5088676e+23    3.1611187e+23    5.8008907e+17
0004    7.1554405e-07    7.5565299e-07    8.0052541e-07    2.3079248e+23    2.3079248e+23   -1.8893231e+23    4.1972262e+23    2.1781786e+18
0005    8.0052541e-07    8.4539784e-07    8.9559956e-07    3.2284151e+23    3.2284151e+23   -2.4236168e+23    5.6520575e+23    2.5610540e+18
0006    8.9559956e-07    9.4580128e-07    1.0019653e-06    4.5148442e+23    4.5148442e+23   -3.1631925e+23    7.6779874e+23    4.9116586e+18
0007    1.0019653e-06    1.0581291e-06    1.1209632e-06    6.3152147e+23    6.3152147e+23   -4.1960632e+23    1.0511150e+24    1.2748183e+19
0008    1.1209632e-06    1.1837975e-06    1.2540941e-06    8.8357425e+23    8.8357425e+23   -5.6435850e+23    1.4479100e+24    2.2678672e+19
0009    1.2540941e-06    1.3243908e-06    1.4030362e-06    1.2364894e+24    1.2364894e+24   -7.6755288e+23    2.0040553e+24    1.2976187e+19
0010    1.4030362e-06    1.4816817e-06    1.5696675e-06    1.7305922e+24    1.7305922e+24   -1.0528527e+24    2.7834580e+24    1.3196170e+19
0011    1.5696675e-06    1.6576531e-06    1.7560885e-06    2.4223296e+24    2.4223296e+24   -1.4533741e+24    3.8757007e+24    2.8586736e+18
0012    1.7560885e-06    1.8545238e-06    1.9646500e-06    3.3907361e+24    3.3907361e+24   -2.0154985e+24    5.4062432e+24    8.7462582e+18
0013    1.9646500e-06    2.0747759e-06    2.1979811e-06    4.7464608e+24    4.7464608e+24   -2.8041337e+24    7.5505982e+24    3.9807706e+18
0014    2.1979811e-06    2.3211860e-06    2.4590236e-06    6.6444077e+24    6.6444077e+24   -3.9100889e+24    1.0554525e+25    2.7403583e+19
0015    2.4590236e-06    2.5968611e-06    2.7510687e-06    9.3014358e+24    9.3014358e+24   -5.4604311e+24    1.4761856e+25    1.0913403e+19
0016    2.7510687e-06    2.9052765e-06    3.0777985e-06    1.3021134e+25    1.3021134e+25   -7.6329687e+24    2.0654098e+25    5.8541100e+18
0017    3.0777985e-06    3.2503206e-06    3.4433322e-06    1.8228508e+25    1.8228508e+25   -1.0676565e+25    2.8905084e+25    1.2212010e+19
0018    3.4433322e-06    3.6363440e-06    3.8522790e-06    2.5518534e+25    2.5518534e+25   -1.4939538e+25    4.0458100e+25    2.7512950e+19
0019    3.8522790e-06    4.0682135e-06    4.3097934e-06    3.5724124e+25    3.5724124e+25   -2.0909481e+25    5.6633598e+25    7.6524794e+18
0020    4.3097934e-06    4.5513734e-06    4.8216448e-06    5.0011263e+25    5.0011263e+25   -2.9268995e+25    7.9280260e+25    0.0000000e+00
0021    4.8216448e-06    5.0919161e-06    5.3942858e-06    7.0012214e+25    7.0012214e+25   -4.0973705e+25    1.1098591e+26    1.1988290e+19
0022    5.3942858e-06    5.6966555e-06    6.0349366e-06    9.8011877e+25    9.8011877e+25   -5.7361548e+25    1.5537342e+26    1.5004954e+19
0023    6.0349366e-06    6.3732173e-06    6.7516739e-06    1.3720887e+26    1.3720887e+26   -8.0305890e+25    2.1751475e+26    0.0000000e+00
0024    6.7516739e-06    7.1301311e-06    7.5535345e-06    1.9208063e+26    1.9208063e+26   -1.1243004e+26    3.0451068e+26    0.0000000e+00
0025    7.5535345e-06    7.9769388e-06    8.4506282e-06    2.6889483e+26    2.6889483e+26   -1.5740834e+26    4.2630315e+26    2.9421669e+19
0026    8.4506282e-06    8.9243176e-06    9.4542638e-06    3.7642474e+26    3.7642474e+26   -2.2038914e+26    5.9681386e+26    0.0000000e+00
0027    9.4542638e-06    9.9842109e-06    1.0577097e-05    5.2695131e+26    5.2695131e+26   -3.0859090e+26    8.3554225e+26    0.0000000e+00
0028    1.0577097e-05    1.1169983e-05    1.1833283e-05    7.3766464e+26    7.3766464e+26   -4.3214464e+26    1.1698094e+27    1.1537979e+20
0029    1.1833283e-05    1.2496583e-05    1.3238659e-05    1.0326265e+27    1.0326265e+27   -6.0529117e+26    1.6379177e+27    0.0000000e+00
0030    1.3238659e-05    1.3980736e-05    1.4810945e-05    1.4455162e+27    1.4455162e+27   -8.4809489e+26    2.2936113e+27    1.8075269e+20
0031    1.4810945e-05    1.5641153e-05    1.6569962e-05    2.0234749e+27    2.0234749e+27   -1.1889179e+27    3.2123930e+27    2.2623629e+20
0032    1.6569962e-05    1.7498769e-05    1.8537887e-05    2.8324849e+27    2.8324849e+27   -1.6680341e+27    4.5005189e+27    0.0000000e+00
0033    1.8537887e-05    1.9577006e-05    2.0739535e-05    3.9648971e+27    3.9648971e+27   -2.3429734e+27    6.3078703e+27    0.0000000e+00
0034    2.0739535e-05    2.1902064e-05    2.3202660e-05    5.5499677e+27    5.5499677e+27   -3.2965418e+27    8.8465095e+27    0.0000000e+00
0035    2.3202660e-05    2.4503257e-05    2.5958318e-05    7.7686034e+27    7.7686034e+27   -4.6490317e+27    1.2417635e+28    1.1104585e+21
0036    2.5958318e-05    2.7413378e-05    2.9041248e-05    1.0873989e+28    1.0873989e+28   -6.5770612e+27    1.7451050e+28    0.0000000e+00
0037    2.9041248e-05    3.0669118e-05    3.2490323e-05    1.5220453e+28    1.5220453e+28   -9.3430279e+27    2.4563481e+28    1.7396316e+21
0038    3.2490323e-05    3.4311528e-05    3.6349029e-05    2.1303842e+28    2.1303842e+28   -1.3341620e+28    3.4645465e+28    2.1773830e+21
0039    3.6349029e-05    3.8386526e-05    4.0666007e-05    2.9817926e+28    2.9817926e+28   -1.9173817e+28    4.8991747e+28    5.4505749e+21
0040    4.0666007e-05    4.2945492e-05    4.5495693e-05    4.1733125e+28    4.1733125e+28   -2.7765194e+28    6.9498321e+28    0.0000000e+00
0041    4.5495693e-05    4.8045898e-05    5.0898980e-05    5.8405761e+28    5.8405761e+28   -4.0554999e+28    9.8960750e+28    8.5388103e+21
0042    5.0898980e-05    5.3752057e-05    5.6943980e-05    8.1728193e+28    8.1728193e+28   -5.9796257e+28    1.4152445e+29    0.0000000e+00
0043    5.6943980e-05    6.0135902e-05    6.3706910e-05    1.1432827e+29    1.1432827e+29   -8.9020575e+28    2.0334884e+29    0.0000000e+00
0044    6.3706910e-05    6.7277928e-05    7.1273040e-05    1.5980955e+29    1.5980955e+29   -1.3370982e+29    2.9351939e+29    0.0000000e+00
0045    7.1273040e-05    7.5268166e-05    7.9737772e-05    2.2293933e+29    2.2293933e+29   -2.0206381e+29    4.2500312e+29    0.0000000e+00
0046    7.9737772e-05    8.4207364e-05    8.9207802e-05    3.0934364e+29    3.0934364e+29   -3.0498631e+29    6.1432994e+29    0.0000000e+00
0047    8.9207802e-05    9.4208233e-05    9.9802535e-05    4.2299548e+29    4.2299548e+29   -4.5139084e+29    8.7438635e+29    0.0000000e+00
0048    9.9802535e-05    1.0539684e-04    1.1165556e-04    5.5637173e+29    5.5637173e+29   -6.2651171e+29    1.1828834e+30    0.0000000e+00
0049    1.1165556e-04    1.1791427e-04    1.2491629e-04    6.6832442e+29    6.6832442e+29   -7.4019135e+29    1.4085158e+30    0.0000000e+00
0050    1.2491629e-04    1.3191832e-04    1.3975194e-04    6.8760724e+29    6.8760724e+29   -6.3303292e+29    1.3206401e+30    0.0000000e+00
0051    1.3975194e-04    1.4758557e-04    1.5634953e-04    6.1256094e+29    6.1256094e+29   -3.0837127e+29    9.2093219e+29    0.0000000e+00
0052    1.5634953e-04    1.6511352e-04    1.7491834e-04    5.3098670e+29    5.3098670e+29    2.3912206e+28    5.0707453e+29    5.0421991e+22
0053    1.7491834e-04    1.8472318e-04    1.9569248e-04    4.9212854e+29    4.9212854e+29    2.5002894e+29    2.4209960e+29    0.0000000e+00
0054    1.9569248e-04    2.0666176e-04    2.1893383e-04    4.9108214e+29    4.9108214e+29    3.8496271e+29    1.0611941e+29    0.0000000e+00
0055    2.1893383e-04    2.3120589e-04    2.4493545e-04    5.1187098e+29    5.1187098e+29    4.6813495e+29    4.3736027e+28    1.5448011e+22
0056    2.4493545e-04    2.5866498e-04    2.7402511e-04    5.4326032e+29    5.4326032e+29    5.2617246e+29    1.7087867e+28    1.3534683e+22
0057    2.7402511e-04    2.8938524e-04    3.0656965e-04    5.7913648e+29    5.7913648e+29    5.7279347e+29    6.3429935e+27    1.5125424e+22
0058    3.0656965e-04    3.2375401e-04    3.4297927e-04    6.1646781e+29    6.1646781e+29    6.1423084e+29    2.2369677e+27    1.5145202e+22
0059    3.4297927e-04    3.6220453e-04    3.8371311e-04    6.5383106e+29    6.5383106e+29    6.5308213e+29    7.4888158e+26    2.7012663e+22
0060    3.8371311e-04    4.0522165e-04    4.2928470e-04    6.9062048e+29    6.9062048e+29    6.9038278e+29    2.3768860e+26    2.9972993e+22
0061    4.2928470e-04    4.5334769e-04    4.8026856e-04    7.2666657e+29    7.2666657e+29    7.2659517e+29    7.1415214e+25    6.9021528e+20
0062    4.8026856e-04    5.0718937e-04    5.3730753e-04    7.6205924e+29    7.6205924e+29    7.6203899e+29    2.0277897e+25    1.7060156e+21
0063    5.3730753e-04    5.6742557e-04    6.0112064e-04    7.9705734e+29    7.9705734e+29    7.9705197e+29    5.4312005e+24    2.6214311e+21
0064    6.0112064e-04    6.3481572e-04    6.7251257e-04    8.3202922e+29    8.3202922e+29    8.3202786e+29    1.3694145e+24    2.8084155e+22
0065    6.7251257e-04    7.1020942e-04    7.5238332e-04    8.6740390e+29    8.6740390e+29    8.6740367e+29    3.2434218e+23    3.2815940e+22
0066    7.5238332e-04    7.9455727e-04    8.4173994e-04    9.0362928e+29    9.0362928e+29    9.0362921e+29    7.1995588e+22    9.8126659e+20
0067    8.4173994e-04    8.8892260e-04    9.4170892e-04    9.4113001e+29    9.4113001e+29    9.4113001e+29    1.4941367e+22    1.4941367e+22
0068    9.4170892e-04    9.9449523e-04    1.0535506e-03    9.8027533e+29    9.8027533e+29    9.8027533e+29    2.8916814e+21    2.8916814e+21
0069    1.0535506e-03    1.1126063e-03    1.1786753e-03    1.0213598e+30    1.0213598e+30    1.0213598e+30    5.2050789e+20    5.2050789e+20
0070    1.1786753e-03    1.2447445e-03    1.3186603e-03    1.0645975e+30    1.0645975e+30    1.0645975e+30    8.6898037e+19    8.6898037e+19
0071    1.3186603e-03    1.3925763e-03    1.4752706e-03    1.1101261e+30    1.1101261e+30    1.1101261e+30    1.3416350e+19    1.3416350e+19
0072    1.4752706e-03    1.5579651e-03    1.6504807e-03    1.1580199e+30    1.1580199e+30    1.1580199e+30    1.9097750e+18    1.9097750e+18
0073    1.6504807e-03    1.7429964e-03    1.8464995e-03    1.2083091e+30    1.2083091e+30    1.2083091e+30    2.4984995e+17    2.4984995e+17
0074    1.8464995e-03    1.9500027e-03    2.0657987e-03    1.2610011e+30    1.2610011e+30    1.2610011e+30    2.9942970e+16    2.9942970e+16
0075    2.0657987e-03    2.1815943e-03    2.3111426e-03    1.3161006e+30    1.3161006e+30    1.3161006e+30    3.2759885e+15    3.2759885e+15
0076    2.3111426e-03    2.4406908e-03    2.5856246e-03    1.3736247e+30    1.3736247e+30    1.3736247e+30    3.2604654e+14    3.2604654e+14
0077    2.5856246e-03    2.7305586e-03    2.8927056e-03    1.4336139e+30    1.4336139e+30    1.4336139e+30    2.9411116e+13    2.9411116e+13
0078    2.8927056e-03    3.0548526e-03    3.2362570e-03    1.4961346e+30    1.4961346e+30    1.4961346e+30    2.3954763e+12    2.3954763e+12
0079    3.2362570e-03    3.4176614e-03    3.6206099e-03    1.5612805e+30    1.5612805e+30    1.5612805e+30    1.7547831e+11    1.7547831e+11
0080    3.6206099e-03    3.8235588e-03    4.0506106e-03    1.6291675e+30    1.6291675e+30    1.6291675e+30    1.1514699e+10    1.1514699e+10
0081    4.0506106e-03    4.2776624e-03    4.5316801e-03    1.6999294e+30    1.6999294e+30    1.6999294e+30    6.7400378e+08    6.7400378e+08
0082    4.5316801e-03    4.7856979e-03    5.0698840e-03    1.7737121e+30    1.7737121e+30    1.7737121e+30    3.5040268e+07    3.5040268e+07
0083    5.0698840e-03    5.3540696e-03    5.6720069e-03    1.8506682e+30    1.8506682e+30    1.8506682e+30    1.6107019e+06    1.6107019e+06
0084    5.6720069e-03    5.9899446e-03    6.3456409e-03    1.9309553e+30    1.9309553e+30    1.9309553e+30    6.5160207e+04    6.5160207e+04
0085    6.3456409e-03    6.7013381e-03    7.0992792e-03    2.0147326e+30    2.0147326e+30    2.0147326e+30    2.3085901e+03    2.3085901e+03
0086    7.0992792e-03    7.4972203e-03    7.9424232e-03    2.1021614e+30    2.1021614e+30    2.1021614e+30    7.1277695e+01    7.1277695e+01
0087    7.9424232e-03    8.3876261e-03    8.8857021e-03    2.1934050e+30    2.1934050e+30    2.1934050e+30    1.9076089e+00    1.9076089e+00
0088    8.8857021e-03    9.3837800e-03    9.9410107e-03    2.2886294e+30    2.2886294e+30    2.2886294e+30    4.3994445e-02    4.3994445e-02
0089    9.9410107e-03    1.0498242e-02    1.1121652e-02    2.3880057e+30    2.3880057e+30    2.3880057e+30    8.6841284e-04    8.6841284e-04
0090    1.1121652e-02    1.1745062e-02    1.2442512e-02    2.4917107e+30    2.4917107e+30    2.4917107e+30    1.4542998e-05    1.4542998e-05
0091    1.2442512e-02    1.3139961e-02    1.3920243e-02    2.5999283e+30    2.5999283e+30    2.5999283e+30    2.0581430e-07    2.0581430e-07
0092    1.3920243e-02    1.4700524e-02    1.5573476e-02    2.7128507e+30    2.7128507e+30    2.7128507e+30    2.4412550e-09    2.4412550e-09
0093    1.5573476e-02    1.6446428e-02    1.7423056e-02    2.8306796e+30    2.8306796e+30    2.8306796e+30    0.0000000e+00    0.0000000e+00
0094    1.7423056e-02    1.8399684e-02    1.9492300e-02    2.9536264e+30    2.9536264e+30    2.9536264e+30    0.0000000e+00    0.0000000e+00
0095    1.9492300e-02    2.0584917e-02    2.1807296e-02    3.0819122e+30    3.0819122e+30    3.0819122e+30    0.0000000e+00    0.0000000e+00
0096    2.1807296e-02    2.3029678e-02    2.4397234e-02    3.2157687e+30    3.2157687e+30    3.2157687e+30    0.0000000e+00    0.0000000e+00
0097    2.4397234e-02    2.5764789e-02    2.7294762e-02    3.3554401e+30    3.3554401e+30    3.3554401e+30    0.0000000e+00    0.0000000e+00
0098    2.7294762e-02    2.8824737e-02    3.0536419e-02    3.5011785e+30    3.5011785e+30    3.5011785e+30    0.0000000e+00    0.0000000e+00
0099    3.0536419e-02    3.2248098e-02    3.4163065e-02    3.6532508e+30    3.6532508e+30    3.6532508e+30    0.0000000e+00    0.0000000e+00
0100    3.4163065e-02    3.6078036e-02    3.8220432e-02    3.8119335e+30    3.8119335e+30    3.8119335e+30    0.0000000e+00    0.0000000e+00
0101    3.8220432e-02    4.0362831e-02    4.2759672e-02    3.9775149e+30    3.9775149e+30    3.9775149e+30    0.0000000e+00    0.0000000e+00
0102    4.2759672e-02    4.5156509e-02    4.7838010e-02    4.1502979e+30    4.1502979e+30    4.1502979e+30    0.0000000e+00    0.0000000e+00
0103    4.7838010e-02    5.0519511e-02    5.3519476e-02    4.3305965e+30    4.3305965e+30    4.3305965e+30    0.0000000e+00    0.0000000e+00
0104    5.3519476e-02    5.6519445e-02    5.9875701e-02    4.5187399e+30    4.5187399e+30    4.5187399e+30    0.0000000e+00    0.0000000e+00
0105    5.9875701e-02    6.3231960e-02    6.6986822e-02    4.7150712e+30    4.7150712e+30    4.7150712e+30    0.0000000e+00    0.0000000e+00
0106    6.6986822e-02    7.0741683e-02    7.4942484e-02    4.9199479e+30    4.9199479e+30    4.9199479e+30    0.0000000e+00    0.0000000e+00
0107    7.4942484e-02    7.9143301e-02    8.3843008e-02    5.1337458e+30    5.1337458e+30    5.1337458e+30    0.0000000e+00    0.0000000e+00
0108    8.3843008e-02    8.8542730e-02    9.3800604e-02    5.3568549e+30    5.3568549e+30    5.3568549e+30    0.0000000e+00    0.0000000e+00
0109    9.3800604e-02    9.9058479e-02    1.0494081e-01    5.5896849e+30    5.5896849e+30    5.5896849e+30    0.0000000e+00    0.0000000e+00
0110    1.0494081e-01    1.1082312e-01    1.1740407e-01    5.8326621e+30    5.8326621e+30    5.8326621e+30    0.0000000e+00    0.0000000e+00
0111    1.1740407e-01    1.2398501e-01    1.3134752e-01    6.0862349e+30    6.0862349e+30    6.0862349e+30    0.0000000e+00    0.0000000e+00
0112    1.3134752e-01    1.3871004e-01    1.4694698e-01    6.3508687e+30    6.3508687e+30    6.3508687e+30    0.0000000e+00    0.0000000e+00
0113    1.4694698e-01    1.5518391e-01    1.6439909e-01    6.6270563e+30    6.6270563e+30    6.6270563e+30    0.0000000e+00    0.0000000e+00
0114    1.6439909e-01    1.7361428e-01    1.8392390e-01    6.9153059e+30    6.9153059e+30    6.9153059e+30    0.0000000e+00    0.0000000e+00
0115    1.8392390e-01    1.9423352e-01    2.0576757e-01    7.2161538e+30    7.2161538e+30    7.2161538e+30    0.0000000e+00    0.0000000e+00
0116    2.0576757e-01    2.1730161e-01    2.3020549e-01    7.5301620e+30    7.5301620e+30    7.5301620e+30    0.0000000e+00    0.0000000e+00
0117    2.3020549e-01    2.4310938e-01    2.5754580e-01    7.8579163e+30    7.8579163e+30    7.8579163e+30    0.0000000e+00    0.0000000e+00
0118    2.5754580e-01    2.7198219e-01    2.8813311e-01    8.2000338e+30    8.2000338e+30    8.2000338e+30    0.0000000e+00    0.0000000e+00
0119    2.8813311e-01    3.0428407e-01    3.2235315e-01    8.5571578e+30    8.5571578e+30    8.5571578e+30    0.0000000e+00    0.0000000e+00
0120    3.2235315e-01    3.4042224e-01    3.6063734e-01    8.9299687e+30    8.9299687e+30    8.9299687e+30    0.0000000e+00    0.0000000e+00
0121    3.6063734e-01    3.8085240e-01    4.0346834e-01    9.3191763e+30    9.3191763e+30    9.3191763e+30    0.0000000e+00    0.0000000e+00
0122    4.0346834e-01    4.2608422e-01    4.5138612e-01    9.7255253e+30    9.7255253e+30    9.7255253e+30    0.0000000e+00    0.0000000e+00
0123    4.5138612e-01    4.7668800e-01    5.0499481e-01    1.0149803e+31    1.0149803e+31    1.0149803e+31    0.0000000e+00    0.0000000e+00
0124    5.0499481e-01    5.3330171e-01    5.6497037e-01    1.0592833e+31    1.0592833e+31    1.0592833e+31    0.0000000e+00    0.0000000e+00
0125    5.6497037e-01    5.9663916e-01    6.3206893e-01    1.1055482e+31    1.1055482e+31    1.1055482e+31    0.0000000e+00    0.0000000e+00
0126    6.3206893e-01    6.6749877e-01    7.0713639e-01    1.1538669e+31    1.1538669e+31    1.1538669e+31    0.0000000e+00    0.0000000e+00
0127    7.0713639e-01    7.4677408e-01    7.9111934e-01    1.2043356e+31    1.2043356e+31    1.2043356e+31    0.0000000e+00    0.0000000e+00
0128    7.9111934e-01    8.3546448e-01    8.8507634e-01    1.2570567e+31    1.2570567e+31    1.2570567e+31    0.0000000e+00    0.0000000e+00
0129    8.8507634e-01    9.3468815e-01    9.9019212e-01    1.3121377e+31    1.3121377e+31    1.3121377e+31    0.0000000e+00    0.0000000e+00
0130    9.9019212e-01    1.0456961e+00    1.1077920e+00    1.3696926e+31    1.3696926e+31    1.3696926e+31    0.0000000e+00    0.0000000e+00
0131    1.1077920e+00    1.1698879e+00    1.2393587e+00    1.4298423e+31    1.4298423e+31    1.4298423e+31    0.0000000e+00    0.0000000e+00
0132    1.2393587e+00    1.3088293e+00    1.3865507e+00    1.4927155e+31    1.4927155e+31    1.4927155e+31    0.0000000e+00    0.0000000e+00
0133    1.3865507e+00    1.4642720e+00    1.5512240e+00    1.5584479e+31    1.5584479e+31    1.5584479e+31    0.0000000e+00    0.0000000e+00
0134    1.5512240e+00    1.6381758e+00    1.7354547e+00    1.6271848e+31    1.6271848e+31    1.6271848e+31    0.0000000e+00    0.0000000e+00
0135    1.7354547e+00    1.8327334e+00    1.9415654e+00    1.6990810e+31    1.6990810e+31    1.6990810e+31    0.0000000e+00    0.0000000e+00
0136    1.9415654e+00    2.0503972e+00    2.1721547e+00    1.7743021e+31    1.7743021e+31    1.7743021e+31    0.0000000e+00    0.0000000e+00
0137    2.1721547e+00    2.2939122e+00    2.4301302e+00    1.8530243e+31    1.8530243e+31    1.8530243e+31    0.0000000e+00    0.0000000e+00
0138    2.4301302e+00    2.5663481e+00    2.7187438e+00    1.9354368e+31    1.9354368e+31    1.9354368e+31    0.0000000e+00    0.0000000e+00
0139    2.7187438e+00    2.8711398e+00    3.0416346e+00    2.0217423e+31    2.0217423e+31    2.0217423e+31    0.0000000e+00    0.0000000e+00
0140    3.0416346e+00    3.2121296e+00    3.4028735e+00    2.1121602e+31    2.1121602e+31    2.1121602e+31    0.0000000e+00    0.0000000e+00
0141    3.4028735e+00    3.5936172e+00    3.8070147e+00    2.2069250e+31    2.2069250e+31    2.2069250e+31    0.0000000e+00    0.0000000e+00
0142    3.8070147e+00    4.0204124e+00    4.2591534e+00    2.3062898e+31    2.3062898e+31    2.3062898e+31    0.0000000e+00    0.0000000e+00
0143    4.2591534e+00    4.4978948e+00    4.7649908e+00    2.4105272e+31    2.4105272e+31    2.4105272e+31    0.0000000e+00    0.0000000e+00
0144    4.7649908e+00    5.0320864e+00    5.3309031e+00    2.5199336e+31    2.5199336e+31    2.5199336e+31    0.0000000e+00    0.0000000e+00
0145    5.3309031e+00    5.6297207e+00    5.9640269e+00    2.6348272e+31    2.6348272e+31    2.6348272e+31    0.0000000e+00    0.0000000e+00
0146    5.9640269e+00    6.2983322e+00    6.6723423e+00    2.7555525e+31    2.7555525e+31    2.7555525e+31    0.0000000e+00    0.0000000e+00
0147    6.6723423e+00    7.0463524e+00    7.4647813e+00    2.8824810e+31    2.8824810e+31    2.8824810e+31    0.0000000e+00    0.0000000e+00
0148    7.4647813e+00    7.8832102e+00    8.3513336e+00    3.0160165e+31    3.0160165e+31    3.0160165e+31    0.0000000e+00    0.0000000e+00
0149    8.3513336e+00    8.8194571e+00    9.3431778e+00    3.1565882e+31    3.1565882e+31    3.1565882e+31    0.0000000e+00    0.0000000e+00
0150    9.3431778e+00    9.8668976e+00    1.0452817e+01    3.3046604e+31    3.3046604e+31    3.3046604e+31    0.0000000e+00    0.0000000e+00
0151    1.0452817e+01    1.1038736e+01    1.1694242e+01    3.4607279e+31    3.4607279e+31    3.4607279e+31    0.0000000e+00    0.0000000e+00
0152    1.1694242e+01    1.2349749e+01    1.3083105e+01    3.6253195e+31    3.6253195e+31    3.6253195e+31    0.0000000e+00    0.0000000e+00
0153    1.3083105e+01    1.3816463e+01    1.4636917e+01    3.7989836e+31    3.7989836e+31    3.7989836e+31    0.0000000e+00    0.0000000e+00
0154    1.4636917e+01    1.5457371e+01    1.6375265e+01    3.9823088e+31    3.9823088e+31    3.9823088e+31    0.0000000e+00    0.0000000e+00
0155    1.6375265e+01    1.7293161e+01    1.8320070e+01    4.1759078e+31    4.1759078e+31    4.1759078e+31    0.0000000e+00    0.0000000e+00
0156    1.8320070e+01    1.9346977e+01    2.0495846e+01    4.3803643e+31    4.3803643e+31    4.3803643e+31    0.0000000e+00    0.0000000e+00
0157    2.0495846e+01    2.1644716e+01    2.2930031e+01    4.5962726e+31    4.5962726e+31    4.5962726e+31    0.0000000e+00    0.0000000e+00
0158    2.2930031e+01    2.4215345e+01    2.5653309e+01    4.8241247e+31    4.8241247e+31    4.8241247e+31    0.0000000e+00    0.0000000e+00
0159    2.5653309e+01    2.7091272e+01    2.8700016e+01    5.0644441e+31    5.0644441e+31    5.0644441e+31    0.0000000e+00    0.0000000e+00
0160    2.8700016e+01    3.0308760e+01    3.2108566e+01    5.3174912e+31    5.3174912e+31    5.3174912e+31    0.0000000e+00    0.0000000e+00
0161    3.2108566e+01    3.3908371e+01    3.5921928e+01    5.5833939e+31    5.5833939e+31    5.5833939e+31    0.0000000e+00    0.0000000e+00
0162    3.5921928e+01    3.7935490e+01    4.0188187e+01    5.8621026e+31    5.8621026e+31    5.8621026e+31    0.0000000e+00    0.0000000e+00
0163    4.0188187e+01    4.2440884e+01    4.4961121e+01    6.1527859e+31    6.1527859e+31    6.1527859e+31    0.0000000e+00    0.0000000e+00
0164    4.4961121e+01    4.7481361e+01    5.0300915e+01    6.4542813e+31    6.4542813e+31    6.4542813e+31    0.0000000e+00    0.0000000e+00
0165    5.0300915e+01    5.3120476e+01    5.6274891e+01    6.7647446e+31    6.7647446e+31    6.7647446e+31    0.0000000e+00    0.0000000e+00
0166    5.6274891e+01    5.9429310e+01    6.2958363e+01    7.0807859e+31    7.0807859e+31    7.0807859e+31    0.0000000e+00    0.0000000e+00
0167    6.2958363e+01    6.6487411e+01    7.0435593e+01    7.3984118e+31    7.3984118e+31    7.3984118e+31    0.0000000e+00    0.0000000e+00
0168    7.0435593e+01    7.4383774e+01    7.8800858e+01    7.7114583e+31    7.7114583e+31    7.7114583e+31    0.0000000e+00    0.0000000e+00
0169    7.8800858e+01    8.3217941e+01    8.8159615e+01    8.0121694e+31    8.0121694e+31    8.0121694e+31    0.0000000e+00    0.0000000e+00
0170    8.8159615e+01    9.3101288e+01    9.8629868e+01    8.2894564e+31    8.2894564e+31    8.2894564e+31    0.0000000e+00    0.0000000e+00
0171    9.8629868e+01    1.0415844e+02    1.1034361e+02    8.5301990e+31    8.5301990e+31    8.5301990e+31    0.0000000e+00    0.0000000e+00
0172    1.1034361e+02    1.1652879e+02    1.2344854e+02    8.7202179e+31    8.7202179e+31    8.7202179e+31    0.0000000e+00    0.0000000e+00
0173    1.2344854e+02    1.3036830e+02    1.3810986e+02    8.8385621e+31    8.8385621e+31    8.8385621e+31    0.0000000e+00    0.0000000e+00
0174    1.3810986e+02    1.4585144e+02    1.5451244e+02    8.8674361e+31    8.8674361e+31    8.8674361e+31    0.0000000e+00    0.0000000e+00
0175    1.5451244e+02    1.6317345e+02    1.7286305e+02    8.7843916e+31    8.7843916e+31    8.7843916e+31    0.0000000e+00    0.0000000e+00
0176    1.7286305e+02    1.8255269e+02    1.9339310e+02    8.5703440e+31    8.5703440e+31    8.5703440e+31    0.0000000e+00    0.0000000e+00
0177    1.9339310e+02    2.0423351e+02    2.1636137e+02    8.2093355e+31    8.2093355e+31    8.2093355e+31    0.0000000e+00    0.0000000e+00
0178    2.1636137e+02    2.2848924e+02    2.4205746e+02    7.6960977e+31    7.6960977e+31    7.6960977e+31    0.0000000e+00    0.0000000e+00
0179    2.4205746e+02    2.5562569e+02    2.7080533e+02    7.0283818e+31    7.0283818e+31    7.0283818e+31    0.0000000e+00    0.0000000e+00
0180    2.7080533e+02    2.8598502e+02    3.0296747e+02    6.2297974e+31    6.2297974e+31    6.2297974e+31    0.0000000e+00    0.0000000e+00
0181    3.0296747e+02    3.1994992e+02    3.3894928e+02    5.3300534e+31    5.3300534e+31    5.3300534e+31    0.0000000e+00    0.0000000e+00
0182    3.3894928e+02    3.5794867e+02    3.7920453e+02    4.3769507e+31    4.3769507e+31    4.3769507e+31    0.0000000e+00    0.0000000e+00
0183    3.7920453e+02    4.0046033e+02    4.2424063e+02    3.4279268e+31    3.4279268e+31    3.4279268e+31    0.0000000e+00    0.0000000e+00
0184    4.2424063e+02    4.4802090e+02    4.7462543e+02    2.5427337e+31    2.5427337e+31    2.5427337e+31    0.0000000e+00    0.0000000e+00
0185    4.7462543e+02    5.0122995e+02    5.3099420e+02    1.7725013e+31    1.7725013e+31    1.7725013e+31    0.0000000e+00    0.0000000e+00
0186    5.3099420e+02    5.6075842e+02    5.9405756e+02    1.1502583e+31    1.1502583e+31    1.1502583e+31    0.0000000e+00    0.0000000e+00
0187    5.9405756e+02    6.2735669e+02    6.6461060e+02    6.8879238e+30    6.8879238e+30    6.8879238e+30    0.0000000e+00    0.0000000e+00
0188    6.6461060e+02    7.0186450e+02    7.4354291e+02    3.7648664e+30    3.7648664e+30    3.7648664e+30    0.0000000e+00    0.0000000e+00
0189    7.4354291e+02    7.8522125e+02    8.3184955e+02    1.8556540e+30    1.8556540e+30    1.8556540e+30    0.0000000e+00    0.0000000e+00
0190    8.3184955e+02    8.7847778e+02    9.3064392e+02    8.1294708e+29    8.1294708e+29    8.1294708e+29    0.0000000e+00    0.0000000e+00
0191    9.3064392e+02    9.8281000e+02    1.0411715e+03    3.1237279e+29    3.1237279e+29    3.1237279e+29    0.0000000e+00    0.0000000e+00
0192    1.0411715e+03    1.0995332e+03    1.1648260e+03    1.0373552e+29    1.0373552e+29    1.0373552e+29    0.0000000e+00    0.0000000e+00
0193    1.1648260e+03    1.2301188e+03    1.3031661e+03    2.9092854e+28    2.9092854e+28    2.9092854e+28    0.0000000e+00    0.0000000e+00
0194    1.3031661e+03    1.3762135e+03    1.4579363e+03    6.7958130e+27    6.7958130e+27    6.7958130e+27    0.0000000e+00    0.0000000e+00
0195    1.4579363e+03    1.5396591e+03    1.6310876e+03    1.2871831e+27    1.2871831e+27    1.2871831e+27    0.0000000e+00    0.0000000e+00
0196    1.6310876e+03    1.7225162e+03    1.8248033e+03    1.9323536e+26    1.9323536e+26    1.9323536e+26    0.0000000e+00    0.0000000e+00
0197    1.8248033e+03    1.9270903e+03    2.0415255e+03    2.2420288e+25    2.2420288e+25    2.2420288e+25    0.0000000e+00    0.0000000e+00
0198    2.0415255e+03    2.1559607e+03    2.2839866e+03    1.9395051e+24    1.9395051e+24    1.9395051e+24    0.0000000e+00    0.0000000e+00
0199    2.2839866e+03    2.4120127e+03    2.5552437e+03    1.2122491e+23    1.2122491e+23    1.2122491e+23    0.0000000e+00    0.0000000e+00
0200    2.5552437e+03    2.6984749e+03    2.8587166e+03    5.2867120e+21    5.2867120e+21    5.2867120e+21    0.0000000e+00    0.0000000e+00
0201    2.8587166e+03    3.0189583e+03    3.1982310e+03    1.5397014e+20    1.5397014e+20    1.5397014e+20    0.0000000e+00    0.0000000e+00
0202    3.1982310e+03    3.3775039e+03    3.5780681e+03    2.8570661e+18    2.8570661e+18    2.8570661e+18    0.0000000e+00    0.0000000e+00
0203    3.5780681e+03    3.7786321e+03    4.0030161e+03    3.2033784e+16    3.2033784e+16    3.2033784e+16    0.0000000e+00    0.0000000e+00
0204    4.0030161e+03    4.2273999e+03    4.4784331e+03    2.0464729e+14    2.0464729e+14    2.0464729e+14    0.0000000e+00    0.0000000e+00
0205    4.4784331e+03    4.7294658e+03    5.0103130e+03    6.9766146e+11    6.9766146e+11    6.9766146e+11    0.0000000e+00    0.0000000e+00
0206    5.0103130e+03    5.2911597e+03    5.6053613e+03    1.1868361e+09    1.1868361e+09    1.1868361e+09    0.0000000e+00    0.0000000e+00
0207    5.6053613e+03    5.9195630e+03    6.2710806e+03    9.1517606e+05    9.1517606e+05    9.1517606e+05    0.0000000e+00    0.0000000e+00
0208    6.2710806e+03    6.6225981e+03    7.0158633e+03    2.9596948e+02    2.9596948e+02    2.9596948e+02    0.0000000e+00    0.0000000e+00
0209    7.0158633e+03    7.4091289e+03    7.8491006e+03    0.0000000e+00    0.0000000e+00    0.0000000e+00    0.0000000e+00    0.0000000e+00
0210    7.8491006e+03    8.2890723e+03    8.7812969e+03    0.0000000e+00    0.0000000e+00    0.0000000e+00    0.0000000e+00    0.0000000e+00
0211    8.7812969e+03    9.2735205e+03    9.8242051e+03    0.0000000e+00    0.0000000e+00    0.0000000e+00    0.0000000e+00    0.0000000e+00
0212    9.8242051e+03    1.0374888e+04    1.0990973e+04    0.0000000e+00    0.0000000e+00    0.0000000e+00    0.0000000e+00    0.0000000e+00
0213    1.0990973e+04    1.1607059e+04    1.2296312e+04    0.0000000e+00    0.0000000e+00    0.0000000e+00    0.0000000e+00    0.0000000e+00
0214    1.2296312e+04    1.2985567e+04    1.3756681e+04    0.0000000e+00    0.0000000e+00    0.0000000e+00    0.0000000e+00    0.0000000e+00
0215    1.3756681e+04    1.4527794e+04    1.5390488e+04    0.0000000e+00    0.0000000e+00    0.0000000e+00    0.0000000e+00    0.0000000e+00
0216    1.5390488e+04    1.6253183e+04    1.7218336e+04    0.0000000e+00    0.0000000e+00    0.0000000e+00    0.0000000e+00    0.0000000e+00
0217    1.7218336e+04    1.8183488e+04    1.9263266e+04    0.0000000e+00    0.0000000e+00    0.0000000e+00    0.0000000e+00    0.0000000e+00
0218    1.9263266e+04    2.0343045e+04    2.1551062e+04    0.0000000e+00    0.0000000e+00    0.0000000e+00    0.0000000e+00    0.0000000e+00
0219    2.1551062e+04    2.2759080e+04    2.4110568e+04    0.0000000e+00    0.0000000e+00    0.0000000e+00    0.0000000e+00    0.0000000e+00
0220    2.4110568e+04    2.5462055e+04    2.6974053e+04    0.0000000e+00    0.0000000e+00    0.0000000e+00    0.0000000e+00    0.0000000e+00
0221    2.6974053e+04    2.8486047e+04    3.0177617e+04    0.0000000e+00    0.0000000e+00    0.0000000e+00    0.0000000e+00    0.0000000e+00
0222    3.0177617e+04    3.1869186e+04    3.3761652e+04    0.0000000e+00    0.0000000e+00    0.0000000e+00    0.0000000e+00    0.0000000e+00
0223    3.3761652e+04    3.5654117e+04    3.7771348e+04    0.0000000e+00    0.0000000e+00    0.0000000e+00    0.0000000e+00    0.0000000e+00
0224    3.7771348e+04    3.9888570e+04    4.2257246e+04    0.0000000e+00    0.0000000e+00    0.0000000e+00    0.0000000e+00    0.0000000e+00
0225    4.2257246e+04    4.4625922e+04    4.7275918e+04    0.0000000e+00    0.0000000e+00    0.0000000e+00    0.0000000e+00    0.0000000e+00
0226    4.7275918e+04    4.9925910e+04    5.2890625e+04    0.0000000e+00    0.0000000e+00    0.0000000e+00    0.0000000e+00    0.0000000e+00
0227    5.2890625e+04    5.5855344e+04    5.9172164e+04    0.0000000e+00    0.0000000e+00    0.0000000e+00    0.0000000e+00    0.0000000e+00
0228    5.9172164e+04    6.2488988e+04    6.6199727e+04    0.0000000e+00    0.0000000e+00    0.0000000e+00    0.0000000e+00    0.0000000e+00
0229    6.6199727e+04    6.9910477e+04    7.4061922e+04    0.0000000e+00    0.0000000e+00    0.0000000e+00    0.0000000e+00    0.0000000e+00
0230    7.4061922e+04    7.8213367e+04    8.2857867e+04    0.0000000e+00    0.0000000e+00    0.0000000e+00    0.0000000e+00    0.0000000e+00
0231    8.2857867e+04    8.7502359e+04    9.2698453e+04    0.0000000e+00    0.0000000e+00    0.0000000e+00    0.0000000e+00    0.0000000e+00
0232    9.2698453e+04    9.7894547e+04    1.0370776e+05    0.0000000e+00    0.0000000e+00    0.0000000e+00    0.0000000e+00    0.0000000e+00
0233    1.0370776e+05    1.0952096e+05    1.1602458e+05    0.0000000e+00    0.0000000e+00    0.0000000e+00    0.0000000e+00    0.0000000e+00
0234    1.1602458e+05    1.2252819e+05    1.2980420e+05    0.0000000e+00    0.0000000e+00    0.0000000e+00    0.0000000e+00    0.0000000e+00
0235    1.2980420e+05    1.3708020e+05    1.4522036e+05    0.0000000e+00    0.0000000e+00    0.0000000e+00    0.0000000e+00    0.0000000e+00
0236    1.4522036e+05    1.5336050e+05    1.6246742e+05    0.0000000e+00    0.0000000e+00    0.0000000e+00    0.0000000e+00    0.0000000e+00
0237    1.6246742e+05    1.7157431e+05    1.8176281e+05    0.0000000e+00    0.0000000e+00    0.0000000e+00    0.0000000e+00    0.0000000e+00
0238    1.8176281e+05    1.9195130e+05    2.0334981e+05    0.0000000e+00    0.0000000e+00    0.0000000e+00    0.0000000e+00    0.0000000e+00
0239    2.0334981e+05    2.1474833e+05    2.2750059e+05    0.0000000e+00    0.0000000e+00    0.0000000e+00    0.0000000e+00    0.0000000e+00
0240    2.2750059e+05    2.4025284e+05    2.5451962e+05    0.0000000e+00    0.0000000e+00    0.0000000e+00    0.0000000e+00    0.0000000e+00
0241    2.5451962e+05    2.6878641e+05    2.8474759e+05    0.0000000e+00    0.0000000e+00    0.0000000e+00    0.0000000e+00    0.0000000e+00
0242    2.8474759e+05    3.0070875e+05    3.1856553e+05    0.0000000e+00    0.0000000e+00    0.0000000e+00    0.0000000e+00    0.0000000e+00
0243    3.1856553e+05    3.3642234e+05    3.5639988e+05    0.0000000e+00    0.0000000e+00    0.0000000e+00    0.0000000e+00    0.0000000e+00
0244    3.5639988e+05    3.7637741e+05    3.9872759e+05    0.0000000e+00    0.0000000e+00    0.0000000e+00    0.0000000e+00    0.0000000e+00
0245    3.9872759e+05    4.2107775e+05    4.4608238e+05    0.0000000e+00    0.0000000e+00    0.0000000e+00    0.0000000e+00    0.0000000e+00
0246    4.4608238e+05    4.7108697e+05    4.9906119e+05    0.0000000e+00    0.0000000e+00    0.0000000e+00    0.0000000e+00    0.0000000e+00
0247    4.9906119e+05    5.2703544e+05    5.5833206e+05    0.0000000e+00    0.0000000e+00    0.0000000e+00    0.0000000e+00    0.0000000e+00
0248    5.5833206e+05    5.8962869e+05    6.2464219e+05    0.0000000e+00    0.0000000e+00    0.0000000e+00    0.0000000e+00    0.0000000e+00
0249    6.2464219e+05    6.5965575e+05    6.9882762e+05    0.0000000e+00    0.0000000e+00    0.0000000e+00    0.0000000e+00    0.0000000e+00
0250    6.9882762e+05    7.3799956e+05    7.8182369e+05    0.0000000e+00    0.0000000e+00    0.0000000e+00    0.0000000e+00    0.0000000e+00
0251    7.8182369e+05    8.2564788e+05    8.7467675e+05    0.0000000e+00    0.0000000e+00    0.0000000e+00    0.0000000e+00    0.0000000e+00
0252    8.7467675e+05    9.2370569e+05    9.7855750e+05    0.0000000e+00    0.0000000e+00    0.0000000e+00    0.0000000e+00    0.0000000e+00
0253    9.7855750e+05    1.0334092e+06    1.0947756e+06    0.0000000e+00    0.0000000e+00    0.0000000e+00    0.0000000e+00    0.0000000e+00
0254    1.0947756e+06    1.1561419e+06    1.2247962e+06    0.0000000e+00    0.0000000e+00    0.0000000e+00    0.0000000e+00    0.0000000e+00
0255    1.2247962e+06    1.2934506e+06    1.3702589e+06    0.0000000e+00    0.0000000e+00    0.0000000e+00    0.0000000e+00    0.0000000e+00
0256    1.3702589e+06    1.4470670e+06    1.5329972e+06    0.0000000e+00    0.0000000e+00    0.0000000e+00    0.0000000e+00    0.0000000e+00
