Spectra extracted from: /Users/belmont/Recherche/codes/BELM/belm/simu000/synch_escape.txt
At local time: 21:32:11,  07/01/2021
Author: belmont
 
PARAMETERS:-----------------------------------
time      = 0.00e+00
Rcm       = 5.00e+07
tau       = 2.40e+00
lb        = 1.61e-02
beta      = 2.91e+08
lth       = 9.49e+00
lc        = 0.00e+00
Tp        = 1.00e+06
pinj      = 1.57e-01
lnth      = 9.50e-01
p1        = 8.31e-01
p2        = 1.00e+03
gamma_inj = 5.00e+00
linjw     = 0.00e+00
kTin      = 1.00e+00
kTout     = 1.00e-10
linjem    = 0.00e+00
linjep    = 0.00e+00
lslh      = 0.00e+00
lh        = 0.00e+00
llll      = 0.00e+00
lblh      = 0.00e+00
lnthlh    = 0.00e+00
par3      = 0.00e+00
y         = 0.00e+00
rr        = 0.00e+00
qsto      = 1.67e+00
lsto      = 0.00e+00
lstotot   = 0.00e+00
tau_inj   = 0.00e+00
kTin_inj  = 0.00e+00
pinj_inj  = 0.00e+00
 
PHOTON DISTRIBUTIONS:-------------------------
 #bin     Emin(keV)         E(keV)          Emax(keV)        SPECTRUM         Synchrotron      Error           
-----------------------------------------------
0001    5.1099903e-07    5.2533198e-07    5.4049224e-07    7.7235319e+22    7.7234806e+22    5.1838905e+17
0002    5.4049224e-07    5.5565249e-07    5.7168774e-07    9.1313473e+22    9.1312752e+22    7.2271367e+17
0003    5.7168774e-07    5.8772298e-07    6.0468363e-07    1.0801141e+23    1.0801193e+23    5.2904905e+17
0004    6.0468363e-07    6.2164440e-07    6.3958402e-07    1.2789404e+23    1.2789283e+23    1.2060979e+18
0005    6.3958402e-07    6.5752369e-07    6.7649870e-07    1.5124376e+23    1.5124440e+23    6.3718822e+17
0006    6.7649870e-07    6.9547377e-07    7.1554405e-07    1.7886322e+23    1.7886830e+23    5.0739125e+18
0007    7.1554405e-07    7.3561426e-07    7.5684295e-07    2.1169498e+23    2.1169298e+23    1.9859978e+18
0008    7.5684295e-07    7.7807152e-07    8.0052541e-07    2.5049585e+23    2.5049473e+23    1.1196797e+18
0009    8.0052541e-07    8.2297930e-07    8.4672911e-07    2.9626473e+23    2.9626364e+23    1.0765030e+18
0010    8.4672911e-07    8.7047897e-07    8.9559956e-07    3.5058635e+23    3.5058167e+23    4.6860306e+18
0011    8.9559956e-07    9.2072020e-07    9.4729069e-07    4.1476571e+23    4.1476434e+23    1.3718862e+18
0012    9.4729069e-07    9.7386123e-07    1.0019653e-06    4.9074893e+23    4.9074190e+23    7.0163119e+18
0013    1.0019653e-06    1.0300693e-06    1.0597953e-06    5.8063260e+23    5.8064287e+23    1.0241277e+19
0014    1.0597953e-06    1.0895214e-06    1.1209632e-06    6.8700596e+23    6.8699580e+23    1.0222629e+19
0015    1.1209632e-06    1.1524050e-06    1.1856616e-06    8.1287322e+23    8.1288683e+23    1.3585899e+19
0016    1.1856616e-06    1.2189181e-06    1.2540941e-06    9.6181576e+23    9.6181540e+23    3.4348980e+17
0017    1.2540941e-06    1.2892701e-06    1.3264763e-06    1.1380643e+24    1.1380594e+24    4.8996245e+18
0018    1.3264763e-06    1.3636826e-06    1.4030362e-06    1.3466218e+24    1.3466311e+24    9.2433590e+18
0019    1.4030362e-06    1.4423899e-06    1.4840150e-06    1.5934096e+24    1.5934019e+24    7.6957348e+18
0020    1.4840150e-06    1.5256400e-06    1.5696675e-06    1.8854351e+24    1.8854246e+24    1.0493091e+19
0021    1.5696675e-06    1.6136950e-06    1.6602635e-06    2.2309899e+24    2.2309824e+24    7.3746889e+18
0022    1.6602635e-06    1.7068321e-06    1.7560885e-06    2.6398859e+24    2.6398715e+24    1.4312164e+19
0023    1.7560885e-06    1.8053449e-06    1.8574442e-06    3.1237333e+24    3.1237229e+24    1.0360669e+19
0024    1.8574442e-06    1.9095437e-06    1.9646500e-06    3.6962712e+24    3.6962741e+24    2.9504751e+18
0025    1.9646500e-06    2.0197560e-06    2.0780431e-06    4.3737547e+24    4.3737694e+24    1.4618213e+19
0026    2.0780431e-06    2.1363298e-06    2.1979811e-06    5.1754231e+24    5.1754168e+24    6.3307125e+18
0027    2.1979811e-06    2.2596321e-06    2.3248413e-06    6.1240389e+24    6.1240320e+24    6.4923638e+18
0028    2.3248413e-06    2.3900504e-06    2.4590236e-06    7.2465354e+24    7.2465232e+24    1.1885609e+19
0029    2.4590236e-06    2.5279965e-06    2.6009502e-06    8.5747868e+24    8.5747903e+24    3.6936664e+18
0030    2.6009502e-06    2.6739042e-06    2.7510687e-06    1.0146508e+25    1.0146523e+25    1.5702906e+19
0031    2.7510687e-06    2.8282332e-06    2.9098512e-06    1.2006327e+25    1.2006310e+25    1.7567857e+19
0032    2.9098512e-06    2.9914695e-06    3.0777985e-06    1.4207052e+25    1.4207053e+25    1.0344367e+18
0033    3.0777985e-06    3.1641275e-06    3.2554390e-06    1.6811173e+25    1.6811184e+25    1.1572913e+19
0034    3.2554390e-06    3.3467504e-06    3.4433322e-06    1.9892628e+25    1.9892623e+25    3.8842098e+18
0035    3.4433322e-06    3.5399139e-06    3.6420702e-06    2.3538915e+25    2.3538910e+25    4.3455165e+18
0036    3.6420702e-06    3.7442264e-06    3.8522790e-06    2.7853571e+25    2.7853557e+25    1.2964297e+19
0037    3.8522790e-06    3.9603310e-06    4.0746195e-06    3.2959102e+25    3.2959116e+25    1.4503998e+19
0038    4.0746195e-06    4.1889084e-06    4.3097934e-06    3.9000466e+25    3.9000457e+25    1.2169919e+19
0039    4.3097934e-06    4.4306785e-06    4.5585407e-06    4.6149225e+25    4.6149220e+25    4.5384258e+18
0040    4.5585407e-06    4.6864029e-06    4.8216448e-06    5.4608330e+25    5.4608312e+25    1.5232291e+19
0041    4.8216448e-06    4.9568866e-06    5.0999347e-06    6.4617976e+25    6.4617976e+25    0.0000000e+00
0042    5.0999347e-06    5.2429818e-06    5.3942858e-06    7.6462377e+25    7.6462386e+25    6.3550870e+18
0043    5.3942858e-06    5.5455898e-06    5.7056268e-06    9.0477839e+25    9.0477839e+25    0.0000000e+00
0044    5.7056268e-06    5.8656628e-06    6.0349366e-06    1.0706226e+26    1.0706227e+26    7.9542448e+18
0045    6.0349366e-06    6.2042100e-06    6.3832535e-06    1.2668659e+26    1.2668659e+26    0.0000000e+00
0046    6.3832535e-06    6.5622971e-06    6.7516739e-06    1.4990798e+26    1.4990799e+26    9.9558084e+18
0047    6.7516739e-06    6.9410512e-06    7.1413588e-06    1.7738575e+26    1.7738575e+26    0.0000000e+00
0048    7.1413588e-06    7.3416659e-06    7.5535345e-06    2.0990002e+26    2.0990002e+26    0.0000000e+00
0049    7.5535345e-06    7.7654031e-06    7.9894999e-06    2.4837399e+26    2.4837399e+26    0.0000000e+00
0050    7.9894999e-06    8.2135966e-06    8.4506282e-06    2.9390002e+26    2.9390004e+26    3.1193314e+19
0051    8.4506282e-06    8.6876589e-06    8.9383702e-06    3.4777060e+26    3.4777060e+26    0.0000000e+00
0052    8.9383702e-06    9.1890815e-06    9.4542638e-06    4.1151521e+26    4.1151521e+26    0.0000000e+00
0053    9.4542638e-06    9.7194461e-06    9.9999334e-06    4.8694376e+26    4.8694376e+26    0.0000000e+00
0054    9.9999334e-06    1.0280421e-05    1.0577097e-05    5.7619752e+26    5.7619752e+26    0.0000000e+00
0055    1.0577097e-05    1.0873773e-05    1.1187572e-05    6.8181062e+26    6.8181062e+26    0.0000000e+00
0056    1.1187572e-05    1.1501372e-05    1.1833283e-05    8.0678141e+26    8.0678141e+26    0.0000000e+00
0057    1.1833283e-05    1.2165194e-05    1.2516261e-05    9.5465782e+26    9.5465782e+26    0.0000000e+00
0058    1.2516261e-05    1.2867329e-05    1.3238659e-05    1.1296382e+27    1.1296382e+27    0.0000000e+00
0059    1.3238659e-05    1.3609989e-05    1.4002751e-05    1.3366897e+27    1.3366897e+27    0.0000000e+00
0060    1.4002751e-05    1.4395513e-05    1.4810945e-05    1.5816910e+27    1.5816910e+27    0.0000000e+00
0061    1.4810945e-05    1.5226376e-05    1.5665782e-05    1.8715971e+27    1.8715971e+27    0.0000000e+00
0062    1.5665782e-05    1.6105192e-05    1.6569962e-05    2.2146380e+27    2.2146380e+27    0.0000000e+00
0063    1.6569962e-05    1.7034730e-05    1.7526327e-05    2.6205518e+27    2.6205518e+27    0.0000000e+00
0064    1.7526327e-05    1.8017920e-05    1.8537887e-05    3.1008626e+27    3.1008626e+27    0.0000000e+00
0065    1.8537887e-05    1.9057858e-05    1.9607834e-05    3.6692044e+27    3.6692044e+27    0.0000000e+00
0066    1.9607834e-05    2.0157813e-05    2.0739535e-05    4.3417113e+27    4.3417113e+27    0.0000000e+00
0067    2.0739535e-05    2.1321257e-05    2.1936554e-05    5.1374737e+27    5.1374737e+27    0.0000000e+00
0068    2.1936554e-05    2.2551851e-05    2.3202660e-05    6.0790805e+27    6.0790805e+27    0.0000000e+00
0069    2.3202660e-05    2.3853469e-05    2.4541841e-05    7.1932592e+27    7.1932592e+27    0.0000000e+00
0070    2.4541841e-05    2.5230214e-05    2.5958318e-05    8.5116382e+27    8.5116382e+27    0.0000000e+00
0071    2.5958318e-05    2.6686421e-05    2.7456545e-05    1.0071639e+28    1.0071639e+28    0.0000000e+00
0072    2.7456545e-05    2.8226672e-05    2.9041248e-05    1.1917540e+28    1.1917540e+28    0.0000000e+00
0073    2.9041248e-05    2.9855824e-05    3.0717416e-05    1.4101735e+28    1.4101735e+28    0.0000000e+00
0074    3.0717416e-05    3.1579006e-05    3.2490323e-05    1.6686219e+28    1.6686219e+28    0.0000000e+00
0075    3.2490323e-05    3.3401644e-05    3.4365559e-05    1.9744334e+28    1.9744334e+28    0.0000000e+00
0076    3.4365559e-05    3.5329478e-05    3.6349029e-05    2.3362867e+28    2.3362867e+28    0.0000000e+00
0077    3.6349029e-05    3.7368580e-05    3.8446975e-05    2.7644497e+28    2.7644497e+28    0.0000000e+00
0078    3.8446975e-05    3.9525374e-05    4.0666007e-05    3.2710690e+28    3.2710690e+28    0.0000000e+00
0079    4.0666007e-05    4.1806645e-05    4.3013119e-05    3.8705146e+28    3.8705146e+28    0.0000000e+00
0080    4.3013119e-05    4.4219589e-05    4.5495693e-05    4.5797827e+28    4.5797827e+28    0.0000000e+00
0081    4.5495693e-05    4.6771802e-05    4.8121557e-05    5.4189732e+28    5.4189732e+28    0.0000000e+00
0082    4.8121557e-05    4.9471313e-05    5.0898980e-05    6.4118436e+28    6.4118436e+28    0.0000000e+00
0083    5.0898980e-05    5.2326639e-05    5.3836702e-05    7.5864742e+28    7.5864742e+28    0.0000000e+00
0084    5.3836702e-05    5.5346762e-05    5.6943980e-05    8.9760069e+28    8.9760069e+28    0.0000000e+00
0085    5.6943980e-05    5.8541198e-05    6.0230599e-05    1.0619530e+29    1.0619530e+29    0.0000000e+00
0086    6.0230599e-05    6.1920000e-05    6.3706910e-05    1.2563031e+29    1.2563031e+29    0.0000000e+00
0087    6.3706910e-05    6.5493819e-05    6.7383866e-05    1.4860441e+29    1.4860441e+29    0.0000000e+00
0088    6.7383866e-05    6.9273920e-05    7.1273040e-05    1.7574661e+29    1.7574661e+29    0.0000000e+00
0089    7.1273040e-05    7.3272175e-05    7.5386692e-05    2.0778337e+29    2.0778337e+29    0.0000000e+00
0090    7.5386692e-05    7.7501209e-05    7.9737772e-05    2.4554047e+29    2.4554047e+29    0.0000000e+00
0091    7.9737772e-05    8.1974322e-05    8.4339976e-05    2.8992935e+29    2.8992935e+29    0.0000000e+00
0092    8.4339976e-05    8.6705622e-05    8.9207802e-05    3.4190126e+29    3.4190126e+29    0.0000000e+00
0093    8.9207802e-05    9.1709982e-05    9.4356583e-05    4.0233584e+29    4.0233584e+29    0.0000000e+00
0094    9.4356583e-05    9.7003183e-05    9.9802535e-05    4.7180174e+29    4.7180174e+29    0.0000000e+00
0095    9.9802535e-05    1.0260189e-04    1.0556282e-04    5.5008172e+29    5.5008172e+29    0.0000000e+00
0096    1.0556282e-04    1.0852374e-04    1.1165556e-04    6.3530223e+29    6.3530223e+29    0.0000000e+00
0097    1.1165556e-04    1.1478738e-04    1.1809995e-04    7.2251187e+29    7.2251187e+29    0.0000000e+00
0098    1.1809995e-04    1.2141253e-04    1.2491629e-04    8.0183720e+29    8.0183720e+29    0.0000000e+00
0099    1.2491629e-04    1.2842007e-04    1.3212605e-04    8.5730068e+29    8.5730068e+29    0.0000000e+00
0100    1.3212605e-04    1.3583204e-04    1.3975194e-04    8.6908498e+29    8.6908498e+29    0.0000000e+00
0101    1.3975194e-04    1.4367183e-04    1.4781798e-04    8.2218833e+29    8.2218833e+29    0.0000000e+00
0102    1.4781798e-04    1.5196411e-04    1.5634953e-04    7.1839412e+29    7.1839412e+29    0.0000000e+00
0103    1.5634953e-04    1.6073497e-04    1.6537352e-04    5.7960724e+29    5.7960724e+29    0.0000000e+00
0104    1.6537352e-04    1.7001206e-04    1.7491834e-04    4.3597669e+29    4.3597669e+29    0.0000000e+00
0105    1.7491834e-04    1.7982461e-04    1.8501407e-04    3.1024920e+29    3.1024920e+29    0.0000000e+00
0106    1.8501407e-04    1.9020350e-04    1.9569248e-04    2.1188979e+29    2.1188979e+29    0.0000000e+00
0107    1.9569248e-04    2.0118144e-04    2.0698720e-04    1.4045321e+29    1.4045321e+29    0.0000000e+00
0108    2.0698720e-04    2.1279298e-04    2.1893383e-04    9.1051551e+28    9.1051551e+28    0.0000000e+00
0109    2.1893383e-04    2.2507468e-04    2.3156997e-04    5.8000592e+28    5.8000592e+28    0.0000000e+00
0110    2.3156997e-04    2.3806526e-04    2.4493545e-04    3.6404884e+28    3.6404884e+28    0.0000000e+00
0111    2.4493545e-04    2.5180561e-04    2.5907232e-04    2.2548551e+28    2.2548551e+28    0.0000000e+00
0112    2.5907232e-04    2.6633902e-04    2.7402511e-04    1.3792217e+28    1.3792217e+28    0.0000000e+00
0113    2.7402511e-04    2.8171123e-04    2.8984097e-04    8.3337821e+27    8.3337821e+27    0.0000000e+00
0114    2.8984097e-04    2.9797069e-04    3.0656965e-04    4.9747604e+27    4.9747604e+27    0.0000000e+00
0115    3.0656965e-04    3.1516858e-04    3.2426382e-04    2.9335482e+27    2.9335482e+27    0.0000000e+00
0116    3.2426382e-04    3.3335909e-04    3.4297927e-04    1.7086003e+27    1.7086003e+27    0.0000000e+00
0117    3.4297927e-04    3.5259948e-04    3.6277494e-04    9.8272092e+26    9.8272092e+26    0.0000000e+00
0118    3.6277494e-04    3.7295037e-04    3.8371311e-04    5.5804275e+26    5.5804275e+26    0.0000000e+00
0119    3.8371311e-04    3.9447588e-04    4.0585978e-04    3.1278827e+26    3.1278827e+26    0.0000000e+00
0120    4.0585978e-04    4.1724372e-04    4.2928470e-04    1.7301057e+26    1.7301057e+26    0.0000000e+00
0121    4.2928470e-04    4.4132565e-04    4.5406161e-04    9.4411359e+25    9.4411359e+25    0.0000000e+00
0122    4.5406161e-04    4.6679753e-04    4.8026856e-04    5.0815071e+25    5.0815071e+25    0.0000000e+00
0123    4.8026856e-04    4.9373956e-04    5.0798809e-04    2.6968838e+25    2.6968838e+25    0.0000000e+00
0124    5.0798809e-04    5.2223663e-04    5.3730753e-04    1.4109627e+25    1.4109627e+25    0.0000000e+00
0125    5.3730753e-04    5.5237842e-04    5.6831911e-04    7.2749866e+24    7.2749866e+24    0.0000000e+00
0126    5.6831911e-04    5.8425992e-04    6.0112064e-04    3.6956392e+24    3.6956392e+24    0.0000000e+00
0127    6.0112064e-04    6.1798148e-04    6.3581544e-04    1.8491080e+24    1.8491080e+24    0.0000000e+00
0128    6.3581544e-04    6.5364933e-04    6.7251257e-04    9.1100838e+23    9.1100838e+23    0.0000000e+00
0129    6.7251257e-04    6.9137581e-04    7.1132783e-04    4.4181397e+23    4.4181397e+23    0.0000000e+00
0130    7.1132783e-04    7.3127978e-04    7.5238332e-04    2.1085322e+23    2.1085322e+23    0.0000000e+00
0131    7.5238332e-04    7.7348691e-04    7.9580845e-04    9.8993957e+22    9.8993957e+22    0.0000000e+00
0132    7.9580845e-04    8.1813004e-04    8.4173994e-04    4.5707334e+22    4.5707334e+22    0.0000000e+00
0133    8.4173994e-04    8.6534984e-04    8.9032238e-04    2.0747714e+22    2.0747714e+22    0.0000000e+00
0134    8.9032238e-04    9.1529498e-04    9.4170892e-04    9.2558711e+21    9.2558711e+21    0.0000000e+00
0135    9.4170892e-04    9.6812285e-04    9.9606125e-04    4.0567632e+21    4.0567632e+21    0.0000000e+00
0136    9.9606125e-04    1.0239996e-03    1.0535506e-03    1.7462523e+21    1.7462523e+21    0.0000000e+00
0137    1.0535506e-03    1.0831016e-03    1.1143582e-03    7.3798263e+20    7.3798263e+20    0.0000000e+00
0138    1.1143582e-03    1.1456148e-03    1.1786753e-03    3.0608419e+20    3.0608419e+20    0.0000000e+00
0139    1.1786753e-03    1.2117360e-03    1.2467046e-03    1.2454658e+20    1.2454658e+20    0.0000000e+00
0140    1.2467046e-03    1.2816733e-03    1.3186603e-03    4.9700019e+19    4.9700019e+19    0.0000000e+00
0141    1.3186603e-03    1.3556473e-03    1.3947692e-03    1.9442383e+19    1.9442383e+19    0.0000000e+00
0142    1.3947692e-03    1.4338909e-03    1.4752706e-03    7.4531847e+18    7.4531847e+18    0.0000000e+00
0143    1.4752706e-03    1.5166504e-03    1.5604185e-03    2.7987332e+18    2.7987332e+18    0.0000000e+00
0144    1.5604185e-03    1.6041865e-03    1.6504807e-03    1.0290414e+18    1.0290414e+18    0.0000000e+00
0145    1.6504807e-03    1.6967749e-03    1.7457411e-03    3.7031974e+17    3.7031974e+17    0.0000000e+00
0146    1.7457411e-03    1.7947073e-03    1.8464995e-03    1.3038003e+17    1.3038003e+17    0.0000000e+00
0147    1.8464995e-03    1.8982920e-03    1.9530735e-03    4.4889985e+16    4.4889985e+16    0.0000000e+00
0148    1.9530735e-03    2.0078551e-03    2.0657987e-03    1.5107831e+16    1.5107831e+16    0.0000000e+00
0149    2.0657987e-03    2.1237419e-03    2.1850299e-03    4.9679334e+15    4.9679334e+15    0.0000000e+00
0150    2.1850299e-03    2.2463175e-03    2.3111426e-03    1.5954146e+15    1.5954146e+15    0.0000000e+00
0151    2.3111426e-03    2.3759676e-03    2.4445341e-03    5.0014421e+14    5.0014421e+14    0.0000000e+00
0152    2.4445341e-03    2.5131009e-03    2.5856246e-03    1.5298096e+14    1.5298096e+14    0.0000000e+00
0153    2.5856246e-03    2.6581485e-03    2.7348585e-03    4.5634535e+13    4.5634535e+13    0.0000000e+00
0154    2.7348585e-03    2.8115683e-03    2.8927056e-03    1.3269519e+13    1.3269519e+13    0.0000000e+00
0155    2.8927056e-03    2.9738427e-03    3.0596631e-03    3.7593319e+12    3.7593319e+12    0.0000000e+00
0156    3.0596631e-03    3.1454833e-03    3.2362570e-03    1.0371609e+12    1.0371609e+12    0.0000000e+00
0157    3.2362570e-03    3.3270305e-03    3.4230431e-03    2.7851253e+11    2.7851253e+11    0.0000000e+00
0158    3.4230431e-03    3.5190559e-03    3.6206099e-03    7.2758919e+10    7.2758919e+10    0.0000000e+00
0159    3.6206099e-03    3.7221643e-03    3.8295798e-03    1.8481891e+10    1.8481891e+10    0.0000000e+00
0160    3.8295798e-03    3.9369953e-03    4.0506106e-03    4.5624305e+09    4.5624305e+09    0.0000000e+00
0161    4.0506106e-03    4.1642259e-03    4.2843986e-03    1.0939606e+09    1.0939606e+09    0.0000000e+00
0162    4.2843986e-03    4.4045714e-03    4.5316801e-03    2.5463792e+08    2.5463792e+08    0.0000000e+00
0163    4.5316801e-03    4.6587889e-03    4.7932337e-03    5.7506424e+07    5.7506424e+07    0.0000000e+00
0164    4.7932337e-03    4.9276790e-03    5.0698840e-03    1.2593095e+07    1.2593095e+07    0.0000000e+00
0165    5.0698840e-03    5.2120886e-03    5.3625009e-03    2.6725112e+06    2.6725112e+06    0.0000000e+00
0166    5.3625009e-03    5.5129132e-03    5.6720069e-03    5.4931294e+05    5.4931294e+05    0.0000000e+00
0167    5.6720069e-03    5.8311010e-03    5.9993770e-03    1.0928760e+05    1.0928760e+05    0.0000000e+00
0168    5.9993770e-03    6.1676530e-03    6.3456409e-03    2.1033242e+04    2.1033242e+04    0.0000000e+00
0169    6.3456409e-03    6.5236297e-03    6.7118909e-03    3.9133640e+03    3.9133640e+03    0.0000000e+00
0170    6.7118909e-03    6.9001522e-03    7.0992792e-03    7.0346777e+02    7.0346777e+02    0.0000000e+00
0171    7.0992792e-03    7.2984067e-03    7.5090267e-03    1.2209162e+02    1.2209162e+02    0.0000000e+00
0172    7.5090267e-03    7.7196471e-03    7.9424232e-03    2.0444769e+01    2.0444769e+01    0.0000000e+00
0173    7.9424232e-03    8.1652002e-03    8.4008342e-03    3.3007920e+00    3.3007920e+00    0.0000000e+00
0174    8.4008342e-03    8.6364690e-03    8.8857021e-03    5.1337910e-01    5.1337910e-01    0.0000000e+00
0175    8.8857021e-03    9.1349371e-03    9.3985572e-03    7.6891027e-02    7.6891027e-02    0.0000000e+00
0176    9.3985572e-03    9.6621756e-03    9.9410107e-03    1.1077436e-02    1.1077436e-02    0.0000000e+00
0177    9.9410107e-03    1.0219845e-02    1.0514773e-02    1.5337302e-03    1.5337302e-03    0.0000000e+00
0178    1.0514773e-02    1.0809702e-02    1.1121652e-02    2.0387043e-04    2.0387043e-04    0.0000000e+00
0179    1.1121652e-02    1.1433602e-02    1.1763558e-02    2.5971682e-05    2.5971682e-05    0.0000000e+00
0180    1.1763558e-02    1.2093512e-02    1.2442512e-02    3.1749412e-06    3.1749412e-06    0.0000000e+00
0181    1.2442512e-02    1.2791511e-02    1.3160652e-02    3.7155536e-07    3.7155536e-07    0.0000000e+00
0182    1.3160652e-02    1.3529795e-02    1.3920243e-02    4.1516746e-08    4.1516746e-08    0.0000000e+00
0183    1.3920243e-02    1.4310690e-02    1.4723673e-02    4.4226893e-09    4.4226893e-09    0.0000000e+00
0184    1.4723673e-02    1.5136656e-02    1.5573476e-02    4.4818402e-10    4.4818402e-10    0.0000000e+00
0185    1.5573476e-02    1.6010294e-02    1.6472325e-02    0.0000000e+00    0.0000000e+00    0.0000000e+00
0186    1.6472325e-02    1.6934358e-02    1.7423056e-02    0.0000000e+00    0.0000000e+00    0.0000000e+00
0187    1.7423056e-02    1.7911753e-02    1.8428657e-02    0.0000000e+00    0.0000000e+00    0.0000000e+00
0188    1.8428657e-02    1.8945562e-02    1.9492300e-02    0.0000000e+00    0.0000000e+00    0.0000000e+00
0189    1.9492300e-02    2.0039037e-02    2.0617332e-02    0.0000000e+00    0.0000000e+00    0.0000000e+00
0190    2.0617332e-02    2.1195624e-02    2.1807296e-02    0.0000000e+00    0.0000000e+00    0.0000000e+00
0191    2.1807296e-02    2.2418967e-02    2.3065943e-02    0.0000000e+00    0.0000000e+00    0.0000000e+00
0192    2.3065943e-02    2.3712916e-02    2.4397234e-02    0.0000000e+00    0.0000000e+00    0.0000000e+00
0193    2.4397234e-02    2.5081549e-02    2.5805362e-02    0.0000000e+00    0.0000000e+00    0.0000000e+00
0194    2.5805362e-02    2.6529176e-02    2.7294762e-02    0.0000000e+00    0.0000000e+00    0.0000000e+00
0195    2.7294762e-02    2.8060351e-02    2.8870128e-02    0.0000000e+00    0.0000000e+00    0.0000000e+00
0196    2.8870128e-02    2.9679904e-02    3.0536419e-02    0.0000000e+00    0.0000000e+00    0.0000000e+00
0197    3.0536419e-02    3.1392928e-02    3.2298882e-02    0.0000000e+00    0.0000000e+00    0.0000000e+00
0198    3.2298882e-02    3.3204831e-02    3.4163065e-02    0.0000000e+00    0.0000000e+00    0.0000000e+00
0199    3.4163065e-02    3.5121303e-02    3.6134847e-02    0.0000000e+00    0.0000000e+00    0.0000000e+00
0200    3.6134847e-02    3.7148390e-02    3.8220432e-02    0.0000000e+00    0.0000000e+00    0.0000000e+00
0201    3.8220432e-02    3.9292473e-02    4.0426392e-02    0.0000000e+00    0.0000000e+00    0.0000000e+00
0202    4.0426392e-02    4.1560307e-02    4.2759672e-02    0.0000000e+00    0.0000000e+00    0.0000000e+00
0203    4.2759672e-02    4.3959033e-02    4.5227621e-02    0.0000000e+00    0.0000000e+00    0.0000000e+00
0204    4.5227621e-02    4.6496205e-02    4.7838010e-02    0.0000000e+00    0.0000000e+00    0.0000000e+00
0205    4.7838010e-02    4.9179815e-02    5.0599065e-02    0.0000000e+00    0.0000000e+00    0.0000000e+00
0206    5.0599065e-02    5.2018311e-02    5.3519476e-02    0.0000000e+00    0.0000000e+00    0.0000000e+00
0207    5.3519476e-02    5.5020642e-02    5.6608446e-02    0.0000000e+00    0.0000000e+00    0.0000000e+00
0208    5.6608446e-02    5.8196254e-02    5.9875701e-02    0.0000000e+00    0.0000000e+00    0.0000000e+00
0209    5.9875701e-02    6.1555151e-02    6.3331529e-02    0.0000000e+00    0.0000000e+00    0.0000000e+00
0210    6.3331529e-02    6.5107912e-02    6.6986822e-02    0.0000000e+00    0.0000000e+00    0.0000000e+00
0211    6.6986822e-02    6.8865731e-02    7.0853077e-02    0.0000000e+00    0.0000000e+00    0.0000000e+00
0212    7.0853077e-02    7.2840437e-02    7.4942484e-02    0.0000000e+00    0.0000000e+00    0.0000000e+00
0213    7.4942484e-02    7.7044547e-02    7.9267927e-02    0.0000000e+00    0.0000000e+00    0.0000000e+00
0214    7.9267927e-02    8.1491306e-02    8.3843008e-02    0.0000000e+00    0.0000000e+00    0.0000000e+00
0215    8.3843008e-02    8.6194716e-02    8.8682160e-02    0.0000000e+00    0.0000000e+00    0.0000000e+00
0216    8.8682160e-02    9.1169596e-02    9.3800604e-02    0.0000000e+00    0.0000000e+00    0.0000000e+00
0217    9.3800604e-02    9.6431613e-02    9.9214464e-02    0.0000000e+00    0.0000000e+00    0.0000000e+00
0218    9.9214464e-02    1.0199733e-01    1.0494081e-01    0.0000000e+00    0.0000000e+00    0.0000000e+00
0219    1.0494081e-01    1.0788428e-01    1.1099764e-01    0.0000000e+00    0.0000000e+00    0.0000000e+00
0220    1.1099764e-01    1.1411101e-01    1.1740407e-01    0.0000000e+00    0.0000000e+00    0.0000000e+00
0221    1.1740407e-01    1.2069713e-01    1.2418025e-01    0.0000000e+00    0.0000000e+00    0.0000000e+00
0222    1.2418025e-01    1.2766336e-01    1.3134752e-01    0.0000000e+00    0.0000000e+00    0.0000000e+00
0223    1.3134752e-01    1.3503169e-01    1.3892849e-01    0.0000000e+00    0.0000000e+00    0.0000000e+00
0224    1.3892849e-01    1.4282526e-01    1.4694698e-01    0.0000000e+00    0.0000000e+00    0.0000000e+00
0225    1.4694698e-01    1.5106869e-01    1.5542828e-01    0.0000000e+00    0.0000000e+00    0.0000000e+00
0226    1.5542828e-01    1.5978788e-01    1.6439909e-01    0.0000000e+00    0.0000000e+00    0.0000000e+00
0227    1.6439909e-01    1.6901030e-01    1.7388767e-01    0.0000000e+00    0.0000000e+00    0.0000000e+00
0228    1.7388767e-01    1.7876503e-01    1.8392390e-01    0.0000000e+00    0.0000000e+00    0.0000000e+00
0229    1.8392390e-01    1.8908277e-01    1.9453938e-01    0.0000000e+00    0.0000000e+00    0.0000000e+00
0230    1.9453938e-01    1.9999601e-01    2.0576757e-01    0.0000000e+00    0.0000000e+00    0.0000000e+00
0231    2.0576757e-01    2.1153912e-01    2.1764380e-01    0.0000000e+00    0.0000000e+00    0.0000000e+00
0232    2.1764380e-01    2.2374848e-01    2.3020549e-01    0.0000000e+00    0.0000000e+00    0.0000000e+00
0233    2.3020549e-01    2.3666249e-01    2.4349220e-01    0.0000000e+00    0.0000000e+00    0.0000000e+00
0234    2.4349220e-01    2.5032189e-01    2.5754580e-01    0.0000000e+00    0.0000000e+00    0.0000000e+00
0235    2.5754580e-01    2.6476967e-01    2.7241048e-01    0.0000000e+00    0.0000000e+00    0.0000000e+00
0236    2.7241048e-01    2.8005129e-01    2.8813311e-01    0.0000000e+00    0.0000000e+00    0.0000000e+00
0237    2.8813311e-01    2.9621494e-01    3.0476323e-01    0.0000000e+00    0.0000000e+00    0.0000000e+00
0238    3.0476323e-01    3.1331149e-01    3.2235315e-01    0.0000000e+00    0.0000000e+00    0.0000000e+00
0239    3.2235315e-01    3.3139482e-01    3.4095833e-01    0.0000000e+00    0.0000000e+00    0.0000000e+00
0240    3.4095833e-01    3.5052186e-01    3.6063734e-01    0.0000000e+00    0.0000000e+00    0.0000000e+00
0241    3.6063734e-01    3.7075284e-01    3.8145217e-01    0.0000000e+00    0.0000000e+00    0.0000000e+00
0242    3.8145217e-01    3.9215147e-01    4.0346834e-01    0.0000000e+00    0.0000000e+00    0.0000000e+00
0243    4.0346834e-01    4.1478518e-01    4.2675519e-01    0.0000000e+00    0.0000000e+00    0.0000000e+00
0244    4.2675519e-01    4.3872520e-01    4.5138612e-01    0.0000000e+00    0.0000000e+00    0.0000000e+00
0245    4.5138612e-01    4.6404701e-01    4.7743866e-01    0.0000000e+00    0.0000000e+00    0.0000000e+00
0246    4.7743866e-01    4.9083030e-01    5.0499481e-01    0.0000000e+00    0.0000000e+00    0.0000000e+00
0247    5.0499481e-01    5.1915944e-01    5.3414154e-01    0.0000000e+00    0.0000000e+00    0.0000000e+00
0248    5.3414154e-01    5.4912359e-01    5.6497037e-01    0.0000000e+00    0.0000000e+00    0.0000000e+00
0249    5.6497037e-01    5.8081728e-01    5.9757870e-01    0.0000000e+00    0.0000000e+00    0.0000000e+00
0250    5.9757870e-01    6.1434013e-01    6.3206893e-01    0.0000000e+00    0.0000000e+00    0.0000000e+00
0251    6.3206893e-01    6.4979786e-01    6.6854995e-01    0.0000000e+00    0.0000000e+00    0.0000000e+00
0252    6.6854995e-01    6.8730199e-01    7.0713639e-01    0.0000000e+00    0.0000000e+00    0.0000000e+00
0253    7.0713639e-01    7.2697091e-01    7.4795002e-01    0.0000000e+00    0.0000000e+00    0.0000000e+00
0254    7.4795002e-01    7.6892924e-01    7.9111934e-01    0.0000000e+00    0.0000000e+00    0.0000000e+00
0255    7.9111934e-01    8.1330931e-01    8.3678013e-01    0.0000000e+00    0.0000000e+00    0.0000000e+00
0256    8.3678013e-01    8.6025095e-01    8.8507634e-01    0.0000000e+00    0.0000000e+00    0.0000000e+00
0257    8.8507634e-01    9.0990180e-01    9.3616009e-01    0.0000000e+00    0.0000000e+00    0.0000000e+00
0258    9.3616009e-01    9.6241832e-01    9.9019212e-01    0.0000000e+00    0.0000000e+00    0.0000000e+00
0259    9.9019212e-01    1.0179659e+00    1.0473429e+00    0.0000000e+00    0.0000000e+00    0.0000000e+00
0260    1.0473429e+00    1.0767196e+00    1.1077920e+00    0.0000000e+00    0.0000000e+00    0.0000000e+00
0261    1.1077920e+00    1.1388644e+00    1.1717302e+00    0.0000000e+00    0.0000000e+00    0.0000000e+00
0262    1.1717302e+00    1.2045960e+00    1.2393587e+00    0.0000000e+00    0.0000000e+00    0.0000000e+00
0263    1.2393587e+00    1.2741213e+00    1.3108903e+00    0.0000000e+00    0.0000000e+00    0.0000000e+00
0264    1.3108903e+00    1.3476595e+00    1.3865507e+00    0.0000000e+00    0.0000000e+00    0.0000000e+00
0265    1.3865507e+00    1.4254420e+00    1.4665779e+00    0.0000000e+00    0.0000000e+00    0.0000000e+00
0266    1.4665779e+00    1.5077138e+00    1.5512240e+00    0.0000000e+00    0.0000000e+00    0.0000000e+00
0267    1.5512240e+00    1.5947341e+00    1.6407555e+00    0.0000000e+00    0.0000000e+00    0.0000000e+00
0268    1.6407555e+00    1.6867770e+00    1.7354547e+00    0.0000000e+00    0.0000000e+00    0.0000000e+00
0269    1.7354547e+00    1.7841322e+00    1.8356193e+00    0.0000000e+00    0.0000000e+00    0.0000000e+00
0270    1.8356193e+00    1.8871065e+00    1.9415654e+00    0.0000000e+00    0.0000000e+00    0.0000000e+00
0271    1.9415654e+00    1.9960241e+00    2.0536263e+00    0.0000000e+00    0.0000000e+00    0.0000000e+00
0272    2.0536263e+00    2.1112282e+00    2.1721547e+00    0.0000000e+00    0.0000000e+00    0.0000000e+00
0273    2.1721547e+00    2.2330816e+00    2.2975245e+00    0.0000000e+00    0.0000000e+00    0.0000000e+00
0274    2.2975245e+00    2.3619676e+00    2.4301302e+00    0.0000000e+00    0.0000000e+00    0.0000000e+00
0275    2.4301302e+00    2.4982927e+00    2.5703893e+00    0.0000000e+00    0.0000000e+00    0.0000000e+00
0276    2.5703893e+00    2.6424859e+00    2.7187438e+00    0.0000000e+00    0.0000000e+00    0.0000000e+00
0277    2.7187438e+00    2.7950015e+00    2.8756607e+00    0.0000000e+00    0.0000000e+00    0.0000000e+00
0278    2.8756607e+00    2.9563200e+00    3.0416346e+00    0.0000000e+00    0.0000000e+00    0.0000000e+00
0279    3.0416346e+00    3.1269491e+00    3.2171876e+00    0.0000000e+00    0.0000000e+00    0.0000000e+00
0280    3.2171876e+00    3.3074265e+00    3.4028735e+00    0.0000000e+00    0.0000000e+00    0.0000000e+00
0281    3.4028735e+00    3.4983203e+00    3.5992761e+00    0.0000000e+00    0.0000000e+00    0.0000000e+00
0282    3.5992761e+00    3.7002320e+00    3.8070147e+00    0.0000000e+00    0.0000000e+00    0.0000000e+00
0283    3.8070147e+00    3.9137971e+00    4.0267434e+00    0.0000000e+00    0.0000000e+00    0.0000000e+00
0284    4.0267434e+00    4.1396890e+00    4.2591534e+00    0.0000000e+00    0.0000000e+00    0.0000000e+00
0285    4.2591534e+00    4.3786182e+00    4.5049782e+00    0.0000000e+00    0.0000000e+00    0.0000000e+00
0286    4.5049782e+00    4.6313376e+00    4.7649908e+00    0.0000000e+00    0.0000000e+00    0.0000000e+00
0287    4.7649908e+00    4.8986435e+00    5.0400105e+00    0.0000000e+00    0.0000000e+00    0.0000000e+00
0288    5.0400105e+00    5.1813774e+00    5.3309031e+00    0.0000000e+00    0.0000000e+00    0.0000000e+00
0289    5.3309031e+00    5.4804292e+00    5.6385856e+00    0.0000000e+00    0.0000000e+00    0.0000000e+00
0290    5.6385856e+00    5.7967420e+00    5.9640269e+00    0.0000000e+00    0.0000000e+00    0.0000000e+00
0291    5.9640269e+00    6.1313109e+00    6.3082509e+00    0.0000000e+00    0.0000000e+00    0.0000000e+00
0292    6.3082509e+00    6.4851904e+00    6.6723423e+00    0.0000000e+00    0.0000000e+00    0.0000000e+00
0293    6.6723423e+00    6.8594942e+00    7.0574484e+00    0.0000000e+00    0.0000000e+00    0.0000000e+00
0294    7.0574484e+00    7.2554021e+00    7.4647813e+00    0.0000000e+00    0.0000000e+00    0.0000000e+00
0295    7.4647813e+00    7.6741605e+00    7.8956242e+00    0.0000000e+00    0.0000000e+00    0.0000000e+00
0296    7.8956242e+00    8.1170874e+00    8.3513336e+00    0.0000000e+00    0.0000000e+00    0.0000000e+00
0297    8.3513336e+00    8.5855799e+00    8.8333454e+00    0.0000000e+00    0.0000000e+00    0.0000000e+00
0298    8.8333454e+00    9.0811110e+00    9.3431778e+00    0.0000000e+00    0.0000000e+00    0.0000000e+00
0299    9.3431778e+00    9.6052427e+00    9.8824348e+00    0.0000000e+00    0.0000000e+00    0.0000000e+00
0300    9.8824348e+00    1.0159627e+01    1.0452817e+01    0.0000000e+00    0.0000000e+00    0.0000000e+00
0301    1.0452817e+01    1.0746007e+01    1.1056119e+01    0.0000000e+00    0.0000000e+00    0.0000000e+00
0302    1.1056119e+01    1.1366232e+01    1.1694242e+01    0.0000000e+00    0.0000000e+00    0.0000000e+00
0303    1.1694242e+01    1.2022253e+01    1.2369197e+01    0.0000000e+00    0.0000000e+00    0.0000000e+00
0304    1.2369197e+01    1.2716139e+01    1.3083105e+01    0.0000000e+00    0.0000000e+00    0.0000000e+00
0305    1.3083105e+01    1.3450072e+01    1.3838220e+01    0.0000000e+00    0.0000000e+00    0.0000000e+00
0306    1.3838220e+01    1.4226367e+01    1.4636917e+01    0.0000000e+00    0.0000000e+00    0.0000000e+00
0307    1.4636917e+01    1.5047467e+01    1.5481712e+01    0.0000000e+00    0.0000000e+00    0.0000000e+00
0308    1.5481712e+01    1.5915957e+01    1.6375265e+01    0.0000000e+00    0.0000000e+00    0.0000000e+00
0309    1.6375265e+01    1.6834574e+01    1.7320395e+01    0.0000000e+00    0.0000000e+00    0.0000000e+00
0310    1.7320395e+01    1.7806211e+01    1.8320070e+01    0.0000000e+00    0.0000000e+00    0.0000000e+00
0311    1.8320070e+01    1.8833927e+01    1.9377443e+01    0.0000000e+00    0.0000000e+00    0.0000000e+00
0312    1.9377443e+01    1.9920961e+01    2.0495846e+01    0.0000000e+00    0.0000000e+00    0.0000000e+00
0313    2.0495846e+01    2.1070734e+01    2.1678801e+01    0.0000000e+00    0.0000000e+00    0.0000000e+00
0314    2.1678801e+01    2.2286867e+01    2.2930031e+01    0.0000000e+00    0.0000000e+00    0.0000000e+00
0315    2.2930031e+01    2.3573193e+01    2.4253477e+01    0.0000000e+00    0.0000000e+00    0.0000000e+00
0316    2.4253477e+01    2.4933762e+01    2.5653309e+01    0.0000000e+00    0.0000000e+00    0.0000000e+00
0317    2.5653309e+01    2.6372856e+01    2.7133932e+01    0.0000000e+00    0.0000000e+00    0.0000000e+00
0318    2.7133932e+01    2.7895012e+01    2.8700016e+01    0.0000000e+00    0.0000000e+00    0.0000000e+00
0319    2.8700016e+01    2.9505020e+01    3.0356487e+01    0.0000000e+00    0.0000000e+00    0.0000000e+00
0320    3.0356487e+01    3.1207954e+01    3.2108566e+01    0.0000000e+00    0.0000000e+00    0.0000000e+00
0321    3.2108566e+01    3.3009174e+01    3.3961765e+01    0.0000000e+00    0.0000000e+00    0.0000000e+00
0322    3.3961765e+01    3.4914356e+01    3.5921928e+01    0.0000000e+00    0.0000000e+00    0.0000000e+00
0323    3.5921928e+01    3.6929497e+01    3.7995224e+01    0.0000000e+00    0.0000000e+00    0.0000000e+00
0324    3.7995224e+01    3.9060951e+01    4.0188187e+01    0.0000000e+00    0.0000000e+00    0.0000000e+00
0325    4.0188187e+01    4.1315418e+01    4.2507717e+01    0.0000000e+00    0.0000000e+00    0.0000000e+00
0326    4.2507717e+01    4.3700012e+01    4.4961121e+01    0.0000000e+00    0.0000000e+00    0.0000000e+00
0327    4.4961121e+01    4.6222237e+01    4.7556133e+01    0.0000000e+00    0.0000000e+00    0.0000000e+00
0328    4.7556133e+01    4.8890034e+01    5.0300915e+01    0.0000000e+00    0.0000000e+00    0.0000000e+00
0329    5.0300915e+01    5.1711803e+01    5.3204124e+01    0.0000000e+00    0.0000000e+00    0.0000000e+00
0330    5.3204124e+01    5.4696442e+01    5.6274891e+01    0.0000000e+00    0.0000000e+00    0.0000000e+00
0331    5.6274891e+01    5.7853340e+01    5.9522896e+01    0.0000000e+00    0.0000000e+00    0.0000000e+00
0332    5.9522896e+01    6.1192448e+01    6.2958363e+01    0.0000000e+00    0.0000000e+00    0.0000000e+00
0333    6.2958363e+01    6.4724281e+01    6.6592110e+01    0.0000000e+00    0.0000000e+00    0.0000000e+00
0334    6.6592110e+01    6.8459946e+01    7.0435593e+01    0.0000000e+00    0.0000000e+00    0.0000000e+00
0335    7.0435593e+01    7.2411232e+01    7.4500908e+01    0.0000000e+00    0.0000000e+00    0.0000000e+00
0336    7.4500908e+01    7.6590576e+01    7.8800858e+01    0.0000000e+00    0.0000000e+00    0.0000000e+00
0337    7.8800858e+01    8.1011131e+01    8.3348984e+01    0.0000000e+00    0.0000000e+00    0.0000000e+00
0338    8.3348984e+01    8.5686836e+01    8.8159615e+01    0.0000000e+00    0.0000000e+00    0.0000000e+00
0339    8.8159615e+01    9.0632401e+01    9.3247894e+01    0.0000000e+00    0.0000000e+00    0.0000000e+00
0340    9.3247894e+01    9.5863403e+01    9.8629868e+01    0.0000000e+00    0.0000000e+00    0.0000000e+00
0341    9.8629868e+01    1.0139632e+02    1.0432246e+02    0.0000000e+00    0.0000000e+00    0.0000000e+00
0342    1.0432246e+02    1.0724860e+02    1.1034361e+02    0.0000000e+00    0.0000000e+00    0.0000000e+00
0343    1.1034361e+02    1.1343864e+02    1.1671228e+02    0.0000000e+00    0.0000000e+00    0.0000000e+00
0344    1.1671228e+02    1.1998594e+02    1.2344854e+02    0.0000000e+00    0.0000000e+00    0.0000000e+00
0345    1.2344854e+02    1.2691114e+02    1.3057358e+02    0.0000000e+00    0.0000000e+00    0.0000000e+00
0346    1.3057358e+02    1.3423604e+02    1.3810986e+02    0.0000000e+00    0.0000000e+00    0.0000000e+00
0347    1.3810986e+02    1.4198369e+02    1.4608112e+02    0.0000000e+00    0.0000000e+00    0.0000000e+00
0348    1.4608112e+02    1.5017853e+02    1.5451244e+02    0.0000000e+00    0.0000000e+00    0.0000000e+00
0349    1.5451244e+02    1.5884636e+02    1.6343039e+02    0.0000000e+00    0.0000000e+00    0.0000000e+00
0350    1.6343039e+02    1.6801445e+02    1.7286305e+02    0.0000000e+00    0.0000000e+00    0.0000000e+00
0351    1.7286305e+02    1.7771169e+02    1.8284016e+02    0.0000000e+00    0.0000000e+00    0.0000000e+00
0352    1.8284016e+02    1.8796863e+02    1.9339310e+02    0.0000000e+00    0.0000000e+00    0.0000000e+00
0353    1.9339310e+02    1.9881757e+02    2.0455511e+02    0.0000000e+00    0.0000000e+00    0.0000000e+00
0354    2.0455511e+02    2.1029268e+02    2.1636137e+02    0.0000000e+00    0.0000000e+00    0.0000000e+00
0355    2.1636137e+02    2.2243007e+02    2.2884903e+02    0.0000000e+00    0.0000000e+00    0.0000000e+00
0356    2.2884903e+02    2.3526801e+02    2.4205746e+02    0.0000000e+00    0.0000000e+00    0.0000000e+00
0357    2.4205746e+02    2.4884691e+02    2.5602823e+02    0.0000000e+00    0.0000000e+00    0.0000000e+00
0358    2.5602823e+02    2.6320956e+02    2.7080533e+02    0.0000000e+00    0.0000000e+00    0.0000000e+00
0359    2.7080533e+02    2.7840115e+02    2.8643533e+02    0.0000000e+00    0.0000000e+00    0.0000000e+00
0360    2.8643533e+02    2.9446954e+02    3.0296747e+02    0.0000000e+00    0.0000000e+00    0.0000000e+00
0361    3.0296747e+02    3.1146536e+02    3.2045377e+02    0.0000000e+00    0.0000000e+00    0.0000000e+00
0362    3.2045377e+02    3.2944214e+02    3.3894928e+02    0.0000000e+00    0.0000000e+00    0.0000000e+00
0363    3.3894928e+02    3.4845645e+02    3.5851236e+02    0.0000000e+00    0.0000000e+00    0.0000000e+00
0364    3.5851236e+02    3.6856824e+02    3.7920453e+02    0.0000000e+00    0.0000000e+00    0.0000000e+00
0365    3.7920453e+02    3.8984079e+02    4.0109097e+02    0.0000000e+00    0.0000000e+00    0.0000000e+00
0366    4.0109097e+02    4.1234113e+02    4.2424063e+02    0.0000000e+00    0.0000000e+00    0.0000000e+00
0367    4.2424063e+02    4.3614011e+02    4.4872641e+02    0.0000000e+00    0.0000000e+00    0.0000000e+00
0368    4.4872641e+02    4.6131268e+02    4.7462543e+02    0.0000000e+00    0.0000000e+00    0.0000000e+00
0369    4.7462543e+02    4.8793817e+02    5.0201929e+02    0.0000000e+00    0.0000000e+00    0.0000000e+00
0370    5.0201929e+02    5.1610034e+02    5.3099420e+02    0.0000000e+00    0.0000000e+00    0.0000000e+00
0371    5.3099420e+02    5.4588800e+02    5.6164142e+02    0.0000000e+00    0.0000000e+00    0.0000000e+00
0372    5.6164142e+02    5.7739490e+02    5.9405756e+02    0.0000000e+00    0.0000000e+00    0.0000000e+00
0373    5.9405756e+02    6.1072021e+02    6.2834460e+02    0.0000000e+00    0.0000000e+00    0.0000000e+00
0374    6.2834460e+02    6.4596899e+02    6.6461060e+02    0.0000000e+00    0.0000000e+00    0.0000000e+00
0375    6.6461060e+02    6.8325226e+02    7.0296979e+02    0.0000000e+00    0.0000000e+00    0.0000000e+00
0376    7.0296979e+02    7.2268732e+02    7.4354291e+02    0.0000000e+00    0.0000000e+00    0.0000000e+00
0377    7.4354291e+02    7.6439844e+02    7.8645776e+02    0.0000000e+00    0.0000000e+00    0.0000000e+00
0378    7.8645776e+02    8.0851709e+02    8.3184955e+02    0.0000000e+00    0.0000000e+00    0.0000000e+00
0379    8.3184955e+02    8.5518201e+02    8.7986121e+02    0.0000000e+00    0.0000000e+00    0.0000000e+00
0380    8.7986121e+02    9.0454034e+02    9.3064392e+02    0.0000000e+00    0.0000000e+00    0.0000000e+00
0381    9.3064392e+02    9.5674744e+02    9.8435760e+02    0.0000000e+00    0.0000000e+00    0.0000000e+00
0382    9.8435760e+02    1.0119678e+03    1.0411715e+03    0.0000000e+00    0.0000000e+00    0.0000000e+00
0383    1.0411715e+03    1.0703752e+03    1.1012646e+03    0.0000000e+00    0.0000000e+00    0.0000000e+00
0384    1.1012646e+03    1.1321538e+03    1.1648260e+03    0.0000000e+00    0.0000000e+00    0.0000000e+00
0385    1.1648260e+03    1.1974982e+03    1.2320559e+03    0.0000000e+00    0.0000000e+00    0.0000000e+00
0386    1.2320559e+03    1.2666138e+03    1.3031661e+03    0.0000000e+00    0.0000000e+00    0.0000000e+00
0387    1.3031661e+03    1.3397185e+03    1.3783807e+03    0.0000000e+00    0.0000000e+00    0.0000000e+00
0388    1.3783807e+03    1.4170428e+03    1.4579363e+03    0.0000000e+00    0.0000000e+00    0.0000000e+00
0389    1.4579363e+03    1.4988298e+03    1.5420836e+03    0.0000000e+00    0.0000000e+00    0.0000000e+00
0390    1.5420836e+03    1.5853374e+03    1.6310876e+03    0.0000000e+00    0.0000000e+00    0.0000000e+00
0391    1.6310876e+03    1.6768380e+03    1.7252288e+03    0.0000000e+00    0.0000000e+00    0.0000000e+00
0392    1.7252288e+03    1.7736196e+03    1.8248033e+03    0.0000000e+00    0.0000000e+00    0.0000000e+00
0393    1.8248033e+03    1.8759871e+03    1.9301251e+03    0.0000000e+00    0.0000000e+00    0.0000000e+00
0394    1.9301251e+03    1.9842629e+03    2.0415255e+03    0.0000000e+00    0.0000000e+00    0.0000000e+00
0395    2.0415255e+03    2.0987881e+03    2.1593557e+03    0.0000000e+00    0.0000000e+00    0.0000000e+00
0396    2.1593557e+03    2.2199233e+03    2.2839866e+03    0.0000000e+00    0.0000000e+00    0.0000000e+00
0397    2.2839866e+03    2.3480500e+03    2.4158110e+03    0.0000000e+00    0.0000000e+00    0.0000000e+00
0398    2.4158110e+03    2.4835720e+03    2.5552437e+03    0.0000000e+00    0.0000000e+00    0.0000000e+00
0399    2.5552437e+03    2.6269155e+03    2.7027241e+03    0.0000000e+00    0.0000000e+00    0.0000000e+00
0400    2.7027241e+03    2.7785325e+03    2.8587166e+03    0.0000000e+00    0.0000000e+00    0.0000000e+00
0401    2.8587166e+03    2.9389004e+03    3.0237122e+03    0.0000000e+00    0.0000000e+00    0.0000000e+00
0402    3.0237122e+03    3.1085242e+03    3.1982310e+03    0.0000000e+00    0.0000000e+00    0.0000000e+00
0403    3.1982310e+03    3.2879380e+03    3.3828225e+03    0.0000000e+00    0.0000000e+00    0.0000000e+00
0404    3.3828225e+03    3.4777070e+03    3.5780681e+03    0.0000000e+00    0.0000000e+00    0.0000000e+00
0405    3.5780681e+03    3.6784290e+03    3.7845825e+03    0.0000000e+00    0.0000000e+00    0.0000000e+00
0406    3.7845825e+03    3.8907358e+03    4.0030161e+03    0.0000000e+00    0.0000000e+00    0.0000000e+00
0407    4.0030161e+03    4.1152964e+03    4.2340576e+03    0.0000000e+00    0.0000000e+00    0.0000000e+00
0408    4.2340576e+03    4.3528179e+03    4.4784331e+03    0.0000000e+00    0.0000000e+00    0.0000000e+00
0409    4.4784331e+03    4.6040483e+03    4.7369136e+03    0.0000000e+00    0.0000000e+00    0.0000000e+00
0410    4.7369136e+03    4.8697788e+03    5.0103130e+03    0.0000000e+00    0.0000000e+00    0.0000000e+00
0411    5.0103130e+03    5.1508472e+03    5.2994922e+03    0.0000000e+00    0.0000000e+00    0.0000000e+00
0412    5.2994922e+03    5.4481367e+03    5.6053613e+03    0.0000000e+00    0.0000000e+00    0.0000000e+00
0413    5.6053613e+03    5.7625859e+03    5.9288848e+03    0.0000000e+00    0.0000000e+00    0.0000000e+00
0414    5.9288848e+03    6.0951836e+03    6.2710806e+03    0.0000000e+00    0.0000000e+00    0.0000000e+00
0415    6.2710806e+03    6.4469771e+03    6.6330269e+03    0.0000000e+00    0.0000000e+00    0.0000000e+00
0416    6.6330269e+03    6.8190762e+03    7.0158633e+03    0.0000000e+00    0.0000000e+00    0.0000000e+00
0417    7.0158633e+03    7.2126509e+03    7.4207964e+03    0.0000000e+00    0.0000000e+00    0.0000000e+00
0418    7.4207964e+03    7.6289414e+03    7.8491006e+03    0.0000000e+00    0.0000000e+00    0.0000000e+00
0419    7.8491006e+03    8.0692588e+03    8.3021250e+03    0.0000000e+00    0.0000000e+00    0.0000000e+00
0420    8.3021250e+03    8.5349912e+03    8.7812969e+03    0.0000000e+00    0.0000000e+00    0.0000000e+00
0421    8.7812969e+03    9.0276025e+03    9.2881240e+03    0.0000000e+00    0.0000000e+00    0.0000000e+00
0422    9.2881240e+03    9.5486455e+03    9.8242051e+03    0.0000000e+00    0.0000000e+00    0.0000000e+00
0423    9.8242051e+03    1.0099763e+04    1.0391225e+04    0.0000000e+00    0.0000000e+00    0.0000000e+00
0424    1.0391225e+04    1.0682688e+04    1.0990973e+04    0.0000000e+00    0.0000000e+00    0.0000000e+00
0425    1.0990973e+04    1.1299258e+04    1.1625336e+04    0.0000000e+00    0.0000000e+00    0.0000000e+00
0426    1.1625336e+04    1.1951414e+04    1.2296312e+04    0.0000000e+00    0.0000000e+00    0.0000000e+00
0427    1.2296312e+04    1.2641211e+04    1.3006017e+04    0.0000000e+00    0.0000000e+00    0.0000000e+00
0428    1.3006017e+04    1.3370820e+04    1.3756681e+04    0.0000000e+00    0.0000000e+00    0.0000000e+00
0429    1.3756681e+04    1.4142541e+04    1.4550671e+04    0.0000000e+00    0.0000000e+00    0.0000000e+00
0430    1.4550671e+04    1.4958803e+04    1.5390488e+04    0.0000000e+00    0.0000000e+00    0.0000000e+00
0431    1.5390488e+04    1.5822175e+04    1.6278777e+04    0.0000000e+00    0.0000000e+00    0.0000000e+00
0432    1.6278777e+04    1.6735379e+04    1.7218336e+04    0.0000000e+00    0.0000000e+00    0.0000000e+00
0433    1.7218336e+04    1.7701291e+04    1.8212121e+04    0.0000000e+00    0.0000000e+00    0.0000000e+00
0434    1.8212121e+04    1.8722953e+04    1.9263266e+04    0.0000000e+00    0.0000000e+00    0.0000000e+00
0435    1.9263266e+04    1.9803580e+04    2.0375078e+04    0.0000000e+00    0.0000000e+00    0.0000000e+00
0436    2.0375078e+04    2.0946578e+04    2.1551062e+04    0.0000000e+00    0.0000000e+00    0.0000000e+00
0437    2.1551062e+04    2.2155545e+04    2.2794918e+04    0.0000000e+00    0.0000000e+00    0.0000000e+00
0438    2.2794918e+04    2.3434293e+04    2.4110568e+04    0.0000000e+00    0.0000000e+00    0.0000000e+00
0439    2.4110568e+04    2.4786842e+04    2.5502150e+04    0.0000000e+00    0.0000000e+00    0.0000000e+00
0440    2.5502150e+04    2.6217459e+04    2.6974053e+04    0.0000000e+00    0.0000000e+00    0.0000000e+00
0441    2.6974053e+04    2.7730645e+04    2.8530904e+04    0.0000000e+00    0.0000000e+00    0.0000000e+00
0442    2.8530904e+04    2.9331168e+04    3.0177617e+04    0.0000000e+00    0.0000000e+00    0.0000000e+00
0443    3.0177617e+04    3.1024066e+04    3.1919369e+04    0.0000000e+00    0.0000000e+00    0.0000000e+00
0444    3.1919369e+04    3.2814672e+04    3.3761652e+04    0.0000000e+00    0.0000000e+00    0.0000000e+00
0445    3.3761652e+04    3.4708629e+04    3.5710266e+04    0.0000000e+00    0.0000000e+00    0.0000000e+00
0446    3.5710266e+04    3.6711898e+04    3.7771348e+04    0.0000000e+00    0.0000000e+00    0.0000000e+00
0447    3.7771348e+04    3.8830789e+04    3.9951383e+04    0.0000000e+00    0.0000000e+00    0.0000000e+00
0448    3.9951383e+04    4.1071980e+04    4.2257246e+04    0.0000000e+00    0.0000000e+00    0.0000000e+00
0449    4.2257246e+04    4.3442520e+04    4.4696195e+04    0.0000000e+00    0.0000000e+00    0.0000000e+00
0450    4.4696195e+04    4.5949879e+04    4.7275918e+04    0.0000000e+00    0.0000000e+00    0.0000000e+00
0451    4.7275918e+04    4.8601957e+04    5.0004527e+04    0.0000000e+00    0.0000000e+00    0.0000000e+00
0452    5.0004527e+04    5.1407102e+04    5.2890625e+04    0.0000000e+00    0.0000000e+00    0.0000000e+00
0453    5.2890625e+04    5.4374152e+04    5.5943301e+04    0.0000000e+00    0.0000000e+00    0.0000000e+00
0454    5.5943301e+04    5.7512449e+04    5.9172164e+04    0.0000000e+00    0.0000000e+00    0.0000000e+00
0455    5.9172164e+04    6.0831883e+04    6.2587391e+04    0.0000000e+00    0.0000000e+00    0.0000000e+00
0456    6.2587391e+04    6.4342898e+04    6.6199727e+04    0.0000000e+00    0.0000000e+00    0.0000000e+00
0457    6.6199727e+04    6.8056562e+04    7.0020562e+04    0.0000000e+00    0.0000000e+00    0.0000000e+00
0458    7.0020562e+04    7.1984570e+04    7.4061922e+04    0.0000000e+00    0.0000000e+00    0.0000000e+00
0459    7.4061922e+04    7.6139281e+04    7.8336531e+04    0.0000000e+00    0.0000000e+00    0.0000000e+00
0460    7.8336531e+04    8.0533789e+04    8.2857867e+04    0.0000000e+00    0.0000000e+00    0.0000000e+00
0461    8.2857867e+04    8.5181938e+04    8.7640156e+04    0.0000000e+00    0.0000000e+00    0.0000000e+00
0462    8.7640156e+04    9.0098359e+04    9.2698453e+04    0.0000000e+00    0.0000000e+00    0.0000000e+00
0463    9.2698453e+04    9.5298539e+04    9.8048703e+04    0.0000000e+00    0.0000000e+00    0.0000000e+00
0464    9.8048703e+04    1.0079887e+05    1.0370776e+05    0.0000000e+00    0.0000000e+00    0.0000000e+00
0465    1.0370776e+05    1.0661665e+05    1.0969343e+05    0.0000000e+00    0.0000000e+00    0.0000000e+00
0466    1.0969343e+05    1.1277022e+05    1.1602458e+05    0.0000000e+00    0.0000000e+00    0.0000000e+00
0467    1.1602458e+05    1.1927895e+05    1.2272114e+05    0.0000000e+00    0.0000000e+00    0.0000000e+00
0468    1.2272114e+05    1.2616334e+05    1.2980420e+05    0.0000000e+00    0.0000000e+00    0.0000000e+00
0469    1.2980420e+05    1.3344506e+05    1.3729608e+05    0.0000000e+00    0.0000000e+00    0.0000000e+00
0470    1.3729608e+05    1.4114709e+05    1.4522036e+05    0.0000000e+00    0.0000000e+00    0.0000000e+00
0471    1.4522036e+05    1.4929362e+05    1.5360200e+05    0.0000000e+00    0.0000000e+00    0.0000000e+00
0472    1.5360200e+05    1.5791038e+05    1.6246742e+05    0.0000000e+00    0.0000000e+00    0.0000000e+00
0473    1.6246742e+05    1.6702444e+05    1.7184450e+05    0.0000000e+00    0.0000000e+00    0.0000000e+00
0474    1.7184450e+05    1.7666455e+05    1.8176281e+05    0.0000000e+00    0.0000000e+00    0.0000000e+00
0475    1.8176281e+05    1.8686106e+05    1.9225356e+05    0.0000000e+00    0.0000000e+00    0.0000000e+00
0476    1.9225356e+05    1.9764608e+05    2.0334981e+05    0.0000000e+00    0.0000000e+00    0.0000000e+00
0477    2.0334981e+05    2.0905356e+05    2.1508650e+05    0.0000000e+00    0.0000000e+00    0.0000000e+00
0478    2.1508650e+05    2.2111944e+05    2.2750059e+05    0.0000000e+00    0.0000000e+00    0.0000000e+00
0479    2.2750059e+05    2.3388173e+05    2.4063119e+05    0.0000000e+00    0.0000000e+00    0.0000000e+00
0480    2.4063119e+05    2.4738062e+05    2.5451962e+05    0.0000000e+00    0.0000000e+00    0.0000000e+00
0481    2.5451962e+05    2.6165862e+05    2.6920969e+05    0.0000000e+00    0.0000000e+00    0.0000000e+00
0482    2.6920969e+05    2.7676069e+05    2.8474759e+05    0.0000000e+00    0.0000000e+00    0.0000000e+00
0483    2.8474759e+05    2.9273444e+05    3.0118228e+05    0.0000000e+00    0.0000000e+00    0.0000000e+00
0484    3.0118228e+05    3.0963012e+05    3.1856553e+05    0.0000000e+00    0.0000000e+00    0.0000000e+00
0485    3.1856553e+05    3.2750097e+05    3.3695212e+05    0.0000000e+00    0.0000000e+00    0.0000000e+00
0486    3.3695212e+05    3.4640325e+05    3.5639988e+05    0.0000000e+00    0.0000000e+00    0.0000000e+00
0487    3.5639988e+05    3.6639650e+05    3.7697012e+05    0.0000000e+00    0.0000000e+00    0.0000000e+00
0488    3.7697012e+05    3.8754372e+05    3.9872759e+05    0.0000000e+00    0.0000000e+00    0.0000000e+00
0489    3.9872759e+05    4.0991147e+05    4.2174088e+05    0.0000000e+00    0.0000000e+00    0.0000000e+00
0490    4.2174088e+05    4.3357022e+05    4.4608238e+05    0.0000000e+00    0.0000000e+00    0.0000000e+00
0491    4.4608238e+05    4.5859450e+05    4.7182878e+05    0.0000000e+00    0.0000000e+00    0.0000000e+00
0492    4.7182878e+05    4.8506309e+05    4.9906119e+05    0.0000000e+00    0.0000000e+00    0.0000000e+00
0493    4.9906119e+05    5.1305934e+05    5.2786538e+05    0.0000000e+00    0.0000000e+00    0.0000000e+00
0494    5.2786538e+05    5.4267144e+05    5.5833206e+05    0.0000000e+00    0.0000000e+00    0.0000000e+00
0495    5.5833206e+05    5.7399269e+05    5.9055719e+05    0.0000000e+00    0.0000000e+00    0.0000000e+00
0496    5.9055719e+05    6.0712169e+05    6.2464219e+05    0.0000000e+00    0.0000000e+00    0.0000000e+00
0497    6.2464219e+05    6.4216275e+05    6.6069456e+05    0.0000000e+00    0.0000000e+00    0.0000000e+00
0498    6.6069456e+05    6.7922631e+05    6.9882762e+05    0.0000000e+00    0.0000000e+00    0.0000000e+00
0499    6.9882762e+05    7.1842900e+05    7.3916169e+05    0.0000000e+00    0.0000000e+00    0.0000000e+00
0500    7.3916169e+05    7.5989444e+05    7.8182369e+05    0.0000000e+00    0.0000000e+00    0.0000000e+00
0501    7.8182369e+05    8.0375300e+05    8.2694800e+05    0.0000000e+00    0.0000000e+00    0.0000000e+00
0502    8.2694800e+05    8.5014300e+05    8.7467675e+05    0.0000000e+00    0.0000000e+00    0.0000000e+00
0503    8.7467675e+05    8.9921050e+05    9.2516025e+05    0.0000000e+00    0.0000000e+00    0.0000000e+00
0504    9.2516025e+05    9.5111000e+05    9.7855750e+05    0.0000000e+00    0.0000000e+00    0.0000000e+00
0505    9.7855750e+05    1.0060049e+06    1.0350366e+06    0.0000000e+00    0.0000000e+00    0.0000000e+00
0506    1.0350366e+06    1.0640684e+06    1.0947756e+06    0.0000000e+00    0.0000000e+00    0.0000000e+00
0507    1.0947756e+06    1.1254828e+06    1.1579624e+06    0.0000000e+00    0.0000000e+00    0.0000000e+00
0508    1.1579624e+06    1.1904420e+06    1.2247962e+06    0.0000000e+00    0.0000000e+00    0.0000000e+00
0509    1.2247962e+06    1.2591505e+06    1.2954875e+06    0.0000000e+00    0.0000000e+00    0.0000000e+00
0510    1.2954875e+06    1.3318245e+06    1.3702589e+06    0.0000000e+00    0.0000000e+00    0.0000000e+00
0511    1.3702589e+06    1.4086930e+06    1.4493456e+06    0.0000000e+00    0.0000000e+00    0.0000000e+00
0512    1.4493456e+06    1.4899982e+06    1.5329972e+06    0.0000000e+00    0.0000000e+00    0.0000000e+00
