# Spectrum in nu*Fnu and in erg/s/cm^2. Reminder: m (gram) = 1.998e+34 and Dist(cm) = 3.086e+22. 
#  This spectrum is for values of r (in Rg) in interval on next line:
#  2.1 2.34
4.001e-33
5.451e-34
7.584e-34
1.046e-33
1.442e-33
1.988e-33
2.767e-33
3.815e-33
5.260e-33
7.318e-33
1.009e-32
1.391e-32
1.936e-32
2.670e-32
3.681e-32
5.075e-32
7.064e-32
9.740e-32
1.343e-31
1.869e-31
2.577e-31
3.553e-31
4.898e-31
6.820e-31
9.404e-31
1.296e-30
1.805e-30
2.489e-30
3.431e-30
4.777e-30
6.588e-30
9.083e-30
1.252e-29
1.744e-29
2.405e-29
3.315e-29
4.617e-29
6.367e-29
8.778e-29
1.210e-28
1.686e-28
2.325e-28
3.205e-28
4.466e-28
6.157e-28
8.489e-28
1.183e-27
1.631e-27
2.249e-27
3.100e-27
4.323e-27
5.961e-27
8.217e-27
1.146e-26
1.580e-26
2.179e-26
3.003e-26
4.189e-26
5.777e-26
7.965e-26
1.111e-25
1.532e-25
2.113e-25
2.948e-25
4.066e-25
5.608e-25
7.732e-25
1.080e-24
1.486e-24
2.068e-24
2.833e-24
3.996e-24
5.381e-24
7.523e-24
1.035e-23
1.440e-23
2.007e-23
2.820e-23
3.725e-23
6.360e-23
7.205e-23
1.289e-22
1.493e-22
1.915e-22
2.852e-22
4.024e-22
5.140e-22
7.333e-22
9.957e-22
1.374e-21
1.861e-21
2.556e-21
3.481e-21
4.766e-21
6.561e-21
9.063e-21
1.252e-20
1.730e-20
2.392e-20
3.306e-20
4.569e-20
6.314e-20
8.727e-20
1.206e-19
1.667e-19
2.304e-19
3.184e-19
4.400e-19
6.081e-19
8.404e-19
1.161e-18
1.605e-18
2.218e-18
3.065e-18
4.236e-18
5.854e-18
8.089e-18
1.118e-17
1.545e-17
2.135e-17
2.950e-17
4.076e-17
5.632e-17
7.781e-17
1.075e-16
1.485e-16
2.052e-16
2.832e-16
3.901e-16
5.344e-16
7.207e-16
9.381e-16
1.148e-15
1.330e-15
1.527e-15
1.790e-15
2.131e-15
2.540e-15
2.982e-15
3.417e-15
3.841e-15
4.299e-15
4.835e-15
5.471e-15
6.215e-15
7.083e-15
8.102e-15
9.285e-15
1.064e-14
1.218e-14
1.393e-14
1.590e-14
1.812e-14
2.066e-14
2.354e-14
2.682e-14
3.055e-14
3.478e-14
3.958e-14
4.501e-14
5.115e-14
5.810e-14
6.594e-14
7.480e-14
8.480e-14
9.608e-14
1.088e-13
1.231e-13
1.392e-13
1.573e-13
1.777e-13
2.005e-13
2.261e-13
2.547e-13
2.866e-13
3.221e-13
3.617e-13
4.056e-13
4.542e-13
5.079e-13
5.671e-13
6.323e-13
7.040e-13
7.826e-13
8.689e-13
9.634e-13
1.067e-12
1.181e-12
1.306e-12
1.443e-12
1.594e-12
1.759e-12
1.942e-12
2.143e-12
2.364e-12
2.608e-12
2.876e-12
3.173e-12
3.501e-12
3.863e-12
4.263e-12
4.705e-12
5.194e-12
5.734e-12
6.332e-12
6.993e-12
7.726e-12
8.537e-12
9.436e-12
1.043e-11
1.154e-11
1.278e-11
1.415e-11
1.568e-11
1.739e-11
1.930e-11
2.144e-11
2.385e-11
2.655e-11
2.961e-11
3.306e-11
3.698e-11
4.145e-11
4.655e-11
5.239e-11
5.912e-11
6.690e-11
7.591e-11
8.641e-11
9.867e-11
1.130e-10
1.299e-10
1.497e-10
1.729e-10
2.002e-10
2.334e-10
2.726e-10
3.184e-10
3.713e-10
4.314e-10
4.988e-10
5.724e-10
6.503e-10
7.294e-10
8.057e-10
8.731e-10
9.250e-10
9.542e-10
9.558e-10
9.236e-10
8.564e-10
7.587e-10
6.387e-10
5.069e-10
3.765e-10
2.595e-10
1.598e-10
8.669e-11
4.226e-11
1.830e-11
6.930e-12
2.258e-12
6.214e-13
1.417e-13
2.624e-14
3.853e-15
4.367e-16
3.723e-17
2.308e-18
1.021e-19
3.056e-21
5.894e-23
7.269e-25
5.299e-27
2.018e-29
4.497e-32
4.469e-35
1.925e-38
1.689e-51
4.481e-52
1.042e-52
2.120e-53
3.100e-54
7.627e-57
5.372e-57
3.642e-57
2.409e-57
1.376e-57
2.106e-58
2.123e-58
2.130e-58
2.137e-58
1.406e-58
1.567e-58
1.745e-58
1.944e-58
2.166e-58
2.413e-58
2.688e-58
2.994e-58
3.335e-58
3.715e-58
4.139e-58
4.611e-58
5.136e-58
5.721e-58
6.374e-58
7.100e-58
7.909e-58
8.811e-58
9.815e-58
1.093e-57
1.218e-57
1.357e-57
1.511e-57
1.684e-57
1.876e-57
2.089e-57
2.327e-57
2.593e-57
2.888e-57
3.217e-57
3.584e-57
3.993e-57
4.448e-57
4.955e-57
5.519e-57
6.148e-57
6.849e-57
7.630e-57
8.499e-57
9.468e-57
1.055e-56
1.175e-56
1.309e-56
1.458e-56
1.624e-56
1.809e-56
2.016e-56
2.245e-56
2.501e-56
2.786e-56
3.104e-56
3.457e-56
3.852e-56
4.291e-56
4.780e-56
5.324e-56
5.931e-56
6.607e-56
7.360e-56
8.199e-56
9.133e-56
1.017e-55
1.133e-55
1.263e-55
1.406e-55
1.567e-55
1.745e-55
1.944e-55
2.166e-55
2.413e-55
2.688e-55
2.994e-55
3.335e-55
3.715e-55
4.139e-55
4.611e-55
5.136e-55
5.721e-55
6.374e-55
7.100e-55
7.909e-55
8.811e-55
9.815e-55
1.093e-54
1.218e-54
1.357e-54
1.511e-54
1.684e-54
1.876e-54
2.089e-54
2.327e-54
2.593e-54
2.888e-54
3.217e-54
3.584e-54
3.993e-54
4.448e-54
4.955e-54
5.519e-54
6.148e-54
6.849e-54
7.630e-54
8.499e-54
9.468e-54
1.055e-53
1.175e-53
1.309e-53
1.458e-53
1.624e-53
1.809e-53
2.016e-53
2.245e-53
2.501e-53
2.786e-53
3.104e-53
3.457e-53
3.852e-53
4.291e-53
4.780e-53
5.324e-53
5.931e-53
6.607e-53
7.360e-53
8.199e-53
9.133e-53
1.017e-52
1.133e-52
1.263e-52
1.406e-52
1.567e-52
1.745e-52
1.944e-52
2.166e-52
2.413e-52
2.688e-52
2.994e-52
3.335e-52
3.715e-52
4.139e-52
4.611e-52
5.136e-52
5.721e-52
6.374e-52
7.100e-52
7.909e-52
8.811e-52
9.815e-52
1.093e-51
1.218e-51
1.357e-51
1.511e-51
1.684e-51
1.876e-51
2.089e-51
2.327e-51
2.593e-51
2.888e-51
3.217e-51
3.584e-51
3.993e-51
4.448e-51
4.955e-51
5.519e-51
6.148e-51
6.849e-51
7.630e-51
8.499e-51
9.468e-51
1.055e-50
1.175e-50
1.309e-50
1.458e-50
1.624e-50
1.809e-50
2.016e-50
2.245e-50
2.501e-50
2.786e-50
3.104e-50
3.457e-50
3.852e-50
4.291e-50
4.780e-50
5.324e-50
5.931e-50
6.607e-50
7.360e-50
8.199e-50
9.133e-50
1.017e-49
1.133e-49
1.263e-49
1.406e-49
1.567e-49
1.745e-49
1.944e-49
2.166e-49
2.413e-49
2.688e-49
2.994e-49
3.335e-49
3.715e-49
4.139e-49
4.611e-49
5.136e-49
5.721e-49
6.374e-49
7.100e-49
7.909e-49
8.811e-49
9.815e-49
1.093e-48
1.218e-48
1.357e-48
1.511e-48
1.684e-48
1.876e-48
2.089e-48
2.327e-48
2.593e-48
