Spectra extracted from: /Users/belmont/Recherche/codes/BELM/belm/simu000/spectra.txt
At local time: 19:20:07,  07/05/2021
Author: belmont
 
PARAMETERS:-----------------------------------
time      = 0.00e+00
Rcm       = 5.00e+07
tau       = 2.40e+00
lb        = 1.61e-02
beta      = 2.91e+08
lth       = 9.49e+00
lc        = 0.00e+00
Tp        = 1.00e+06
pinj      = 1.57e-01
lnth      = 9.50e-01
p1        = 8.31e-01
p2        = 1.00e+03
gamma_inj = 5.00e+00
linjw     = 0.00e+00
kTin      = 1.00e+00
kTout     = 1.00e-10
linjem    = 0.00e+00
linjep    = 0.00e+00
lslh      = 0.00e+00
lh        = 0.00e+00
llll      = 0.00e+00
lblh      = 0.00e+00
lnthlh    = 0.00e+00
par3      = 0.00e+00
y         = 0.00e+00
rr        = 0.00e+00
qsto      = 1.67e+00
lsto      = 0.00e+00
lstotot   = 0.00e+00
tau_inj   = 0.00e+00
kTin_inj  = 0.00e+00
pinj_inj  = 0.00e+00
 
PHOTON DISTRIBUTIONS:-------------------------
 #bin     Emin(keV)         E(keV)          Emax(keV)        Distribution     SPECTRUM         Compton          Synchrotron      Error           
-----------------------------------------------
0001    5.1099903e-07    5.2533198e-07    5.4049224e-07    8.2247511e+22    6.1685637e+22    2.4895783e+23   -1.8727288e+23    6.8586862e+17
0002    5.4049224e-07    5.5565249e-07    5.7168774e-07    9.6477868e+22    7.2358403e+22   -1.1560031e+23    1.8795894e+23    2.1413738e+17
0003    5.7168774e-07    5.8772298e-07    6.0468363e-07    1.1386078e+23    8.5395581e+22   -1.2681131e+23    2.1220864e+23    1.7568421e+18
0004    6.0468363e-07    6.2164440e-07    6.3958402e-07    1.3404417e+23    1.0053312e+23   -1.3912778e+23    2.3966147e+23    5.8071380e+17
0005    6.3958402e-07    6.5752369e-07    6.7649870e-07    1.5799595e+23    1.1849696e+23   -1.5385910e+23    2.7235955e+23    3.4982884e+18
0006    6.7649870e-07    6.9547377e-07    7.1554405e-07    1.8514505e+23    1.3885879e+23   -1.6843861e+23    3.0729692e+23    4.7524246e+17
0007    7.1554405e-07    7.3561426e-07    7.5684295e-07    2.1845712e+23    1.6384285e+23   -1.8855176e+23    3.5239197e+23    2.6271467e+18
0008    7.5684295e-07    7.7807152e-07    8.0052541e-07    2.5793938e+23    1.9345454e+23   -2.1254794e+23    4.0599587e+23    6.6131083e+18
0009    8.0052541e-07    8.2297930e-07    8.4672911e-07    3.0166170e+23    2.2624627e+23   -2.3382648e+23    4.6007624e+23    3.5231008e+18
0010    8.4672911e-07    8.7047897e-07    8.9559956e-07    3.5627162e+23    2.6720372e+23   -2.6595831e+23    5.3317111e+23    9.1092928e+18
0011    8.9559956e-07    9.2072020e-07    9.4729069e-07    4.1945143e+23    3.1458858e+23   -3.0060603e+23    6.1519459e+23    4.8995939e+16
0012    9.4729069e-07    9.7386123e-07    1.0019653e-06    4.9434125e+23    3.7075592e+23   -3.4200418e+23    7.1274501e+23    1.5074108e+19
0013    1.0019653e-06    1.0300693e-06    1.0597953e-06    5.8283821e+23    4.3712864e+23   -3.9079370e+23    8.2792886e+23    6.5004507e+18
0014    1.0597953e-06    1.0895214e-06    1.1209632e-06    6.8808820e+23    5.1606615e+23   -4.4988910e+23    9.6595143e+23    3.8420617e+18
0015    1.1209632e-06    1.1524050e-06    1.1856616e-06    8.1283805e+23    6.0962857e+23   -5.2040236e+23    1.1300225e+24    8.4432136e+18
0016    1.1856616e-06    1.2189181e-06    1.2540941e-06    9.6159051e+23    7.2119290e+23   -6.0665879e+23    1.3278491e+24    2.5761736e+18
0017    1.2540941e-06    1.2892701e-06    1.3264763e-06    1.1378483e+24    8.5338623e+23   -7.0941869e+23    1.5627766e+24    2.8437036e+19
0018    1.3264763e-06    1.3636826e-06    1.4030362e-06    1.3464173e+24    1.0098130e+24   -8.3117693e+23    1.8409950e+24    5.1590839e+18
0019    1.4030362e-06    1.4423899e-06    1.4840150e-06    1.5932204e+24    1.1949153e+24   -9.7545266e+23    2.1703665e+24    1.4429503e+18
0020    1.4840150e-06    1.5256400e-06    1.5696675e-06    1.8852655e+24    1.4139491e+24   -1.1464093e+24    2.5603573e+24    1.0762146e+18
0021    1.5696675e-06    1.6136950e-06    1.6602635e-06    2.2308458e+24    1.6731344e+24   -1.3489726e+24    3.0221174e+24    1.0234262e+19
0022    1.6602635e-06    1.7068321e-06    1.7560885e-06    2.6397746e+24    1.9798310e+24   -1.5889703e+24    3.5688031e+24    2.0205408e+18
0023    1.7560885e-06    1.8053449e-06    1.8574442e-06    3.1236638e+24    2.3427477e+24   -1.8732947e+24    4.2160495e+24    6.7815288e+18
0024    1.8574442e-06    1.9095437e-06    1.9646500e-06    3.6962539e+24    2.7721908e+24   -2.2100997e+24    4.9822903e+24    0.0000000e+00
0025    1.9646500e-06    2.0197560e-06    2.0780431e-06    4.3738037e+24    3.2803528e+24   -2.6090279e+24    5.8894009e+24    1.9805320e+19
0026    2.0780431e-06    2.1363298e-06    2.1979811e-06    5.1755540e+24    3.8816653e+24   -3.0814877e+24    6.9631594e+24    6.3307125e+18
0027    2.1979811e-06    2.2596321e-06    2.3248413e-06    6.1242706e+24    4.5932027e+24   -3.6409740e+24    8.2341683e+24    8.2630086e+18
0028    2.3248413e-06    2.3900504e-06    2.4590236e-06    7.2468905e+24    5.4351677e+24   -4.3034458e+24    9.7385919e+24    2.1790282e+19
0029    2.4590236e-06    2.5279965e-06    2.6009502e-06    8.5752930e+24    6.4314694e+24   -5.0877896e+24    1.1519275e+25    1.5513399e+19
0030    2.6009502e-06    2.6739042e-06    2.7510687e-06    1.0147197e+25    7.6103974e+24   -6.0163433e+24    1.3626737e+25    4.1323435e+18
0031    2.7510687e-06    2.8282332e-06    2.9098512e-06    1.2007236e+25    9.0054266e+24   -7.1155381e+24    1.6120976e+25    1.1095488e+19
0032    2.9098512e-06    2.9914695e-06    3.0777985e-06    1.4208223e+25    1.0656166e+25   -8.4166406e+24    1.9072828e+25    2.0688734e+19
0033    3.0777985e-06    3.1641275e-06    3.2554390e-06    1.6812658e+25    1.2609493e+25   -9.9566497e+24    2.2566163e+25    1.8516662e+19
0034    3.2554390e-06    3.3467504e-06    3.4433322e-06    1.9894486e+25    1.4920865e+25   -1.1779338e+25    2.6700223e+25    2.0715786e+19
0035    3.4433322e-06    3.5399139e-06    3.6420702e-06    2.3541214e+25    1.7655910e+25   -1.3936500e+25    3.1592392e+25    1.7382066e+19
0036    3.6420702e-06    3.7442264e-06    3.8522790e-06    2.7856391e+25    2.0892293e+25   -1.6489428e+25    3.7381720e+25    0.0000000e+00
0037    3.8522790e-06    3.9603310e-06    4.0746195e-06    3.2962528e+25    2.4721898e+25   -1.9510632e+25    4.4232507e+25    2.1755997e+19
0038    4.0746195e-06    4.1889084e-06    4.3097934e-06    3.9004607e+25    2.9253458e+25   -2.3085923e+25    5.2339385e+25    0.0000000e+00
0039    4.3097934e-06    4.4306785e-06    4.5585407e-06    4.6154192e+25    3.4615645e+25   -2.7316847e+25    6.1932504e+25    9.0768517e+18
0040    4.5585407e-06    4.6864029e-06    4.8216448e-06    5.4614265e+25    4.0960695e+25   -3.2323545e+25    7.3284238e+25    0.0000000e+00
0041    4.8216448e-06    4.9568866e-06    5.0999347e-06    6.4625018e+25    4.8468765e+25   -3.8248199e+25    8.6716954e+25    5.6804493e+18
0042    5.0999347e-06    5.2429818e-06    5.3942858e-06    7.6470705e+25    5.7353026e+25   -4.5259068e+25    1.0261211e+26    1.2710174e+19
0043    5.3942858e-06    5.5455898e-06    5.7056268e-06    9.0487625e+25    6.7865719e+25   -5.3555233e+25    1.2142094e+26    1.4219694e+19
0044    5.7056268e-06    5.8656628e-06    6.0349366e-06    1.0707373e+26    8.0305299e+25   -6.3372295e+25    1.4367759e+26    0.0000000e+00
0045    6.0349366e-06    6.2042100e-06    6.3832535e-06    1.2669996e+26    9.5024971e+25   -7.4989091e+25    1.7001405e+26    1.7797857e+19
0046    6.3832535e-06    6.5622971e-06    6.7516739e-06    1.4992350e+26    1.1244262e+26   -8.8735600e+25    2.0117820e+26    0.0000000e+00
0047    6.7516739e-06    6.9410512e-06    7.1413588e-06    1.7740367e+26    1.3305275e+26   -1.0500231e+26    2.3805507e+26    0.0000000e+00
0048    7.1413588e-06    7.3416659e-06    7.5535345e-06    2.0992066e+26    1.5744049e+26   -1.2425147e+26    2.8169195e+26    0.0000000e+00
0049    7.5535345e-06    7.7654031e-06    7.9894999e-06    2.4839760e+26    1.8629821e+26   -1.4703015e+26    3.3332839e+26    2.7881924e+19
0050    7.9894999e-06    8.2135966e-06    8.4506282e-06    2.9392693e+26    2.2044520e+26   -1.7398607e+26    3.9443131e+26    0.0000000e+00
0051    8.4506282e-06    8.6876589e-06    8.9383702e-06    3.4780115e+26    2.6085085e+26   -2.0588603e+26    4.6673690e+26    0.0000000e+00
0052    8.9383702e-06    9.1890815e-06    9.4542638e-06    4.1154959e+26    3.0866223e+26   -2.4363801e+26    5.5230020e+26    0.0000000e+00
0053    9.4542638e-06    9.7194461e-06    9.9999334e-06    4.8698235e+26    3.6523675e+26   -2.8831763e+26    6.5355434e+26    0.0000000e+00
0054    9.9999334e-06    1.0280421e-05    1.0577097e-05    5.7624046e+26    4.3218039e+26   -3.4119895e+26    7.7337930e+26    0.0000000e+00
0055    1.0577097e-05    1.0873773e-05    1.1187572e-05    6.8185814e+26    5.1139359e+26   -4.0379222e+26    9.1518584e+26    0.0000000e+00
0056    1.1187572e-05    1.1501372e-05    1.1833283e-05    8.0683351e+26    6.0512511e+26   -4.7788781e+26    1.0830129e+27    0.0000000e+00
0057    1.1833283e-05    1.2165194e-05    1.2516261e-05    9.5471434e+26    7.1603575e+26   -5.6560979e+26    1.2816455e+27    0.0000000e+00
0058    1.2516261e-05    1.2867329e-05    1.3238659e-05    1.1296987e+27    8.4727401e+26   -6.6947927e+26    1.5167533e+27    0.0000000e+00
0059    1.3238659e-05    1.3609989e-05    1.4002751e-05    1.3367536e+27    1.0025653e+27   -7.9249094e+26    1.7950562e+27    1.7129327e+20
0060    1.4002751e-05    1.4395513e-05    1.4810945e-05    1.5817572e+27    1.1863179e+27   -9.3820561e+26    2.1245235e+27    0.0000000e+00
0061    1.4810945e-05    1.5226376e-05    1.5665782e-05    1.8716639e+27    1.4037478e+27   -1.1108607e+27    2.5146085e+27    0.0000000e+00
0062    1.5665782e-05    1.6105192e-05    1.6569962e-05    2.2147030e+27    1.6610273e+27   -1.3155056e+27    2.9765330e+27    0.0000000e+00
0063    1.6569962e-05    1.7034730e-05    1.7526327e-05    2.6206118e+27    1.9654588e+27   -1.5581650e+27    3.5236239e+27    0.0000000e+00
0064    1.7526327e-05    1.8017920e-05    1.8537887e-05    3.1009127e+27    2.3256846e+27   -1.8460399e+27    4.1717247e+27    3.0021614e+20
0065    1.8537887e-05    1.9057858e-05    1.9607834e-05    3.6692395e+27    2.7519296e+27   -2.1877506e+27    4.9396800e+27    3.3587128e+20
0066    1.9607834e-05    2.0157813e-05    2.0739535e-05    4.3417222e+27    3.2562916e+27   -2.5936373e+27    5.8499289e+27    0.0000000e+00
0067    2.0739535e-05    2.1321257e-05    2.1936554e-05    5.1374501e+27    3.8530877e+27   -3.0761333e+27    6.9292210e+27    0.0000000e+00
0068    2.1936554e-05    2.2551851e-05    2.3202660e-05    6.0790091e+27    4.5592565e+27   -3.6502193e+27    8.2094764e+27    0.0000000e+00
0069    2.3202660e-05    2.3853469e-05    2.4541841e-05    7.1931222e+27    5.3948415e+27   -4.3339961e+27    9.7288376e+27    0.0000000e+00
0070    2.4541841e-05    2.5230214e-05    2.5958318e-05    8.5114121e+27    6.3835592e+27   -5.1493936e+27    1.1532953e+28    0.0000000e+00
0071    2.5958318e-05    2.6686421e-05    2.7456545e-05    1.0071295e+28    7.5534712e+27   -6.1230540e+27    1.3676526e+28    0.0000000e+00
0072    2.7456545e-05    2.8226672e-05    2.9041248e-05    1.1917039e+28    8.9377798e+27   -7.2874485e+27    1.6225228e+28    0.0000000e+00
0073    2.9041248e-05    2.9855824e-05    3.0717416e-05    1.4101032e+28    1.0575774e+28   -8.6822662e+27    1.9258041e+28    1.6485908e+21
0074    3.0717416e-05    3.1579006e-05    3.2490323e-05    1.6685252e+28    1.2513938e+28   -1.0356177e+28    2.2870116e+28    0.0000000e+00
0075    3.2490323e-05    3.3401644e-05    3.4365559e-05    1.9743027e+28    1.4807271e+28   -1.2369040e+28    2.7176310e+28    0.0000000e+00
0076    3.4365559e-05    3.5329478e-05    3.6349029e-05    2.3361124e+28    1.7520844e+28   -1.4794710e+28    3.2315553e+28    0.0000000e+00
0077    3.6349029e-05    3.7368580e-05    3.8446975e-05    2.7642193e+28    2.0731645e+28   -1.7724575e+28    3.8456221e+28    2.5826641e+21
0078    3.8446975e-05    3.9525374e-05    4.0666007e-05    3.2707665e+28    2.4530748e+28   -2.1272039e+28    4.5802785e+28    2.8893933e+21
0079    4.0666007e-05    4.1806645e-05    4.3013119e-05    3.8701184e+28    2.9025886e+28   -2.5578181e+28    5.4604072e+28    0.0000000e+00
0080    4.3013119e-05    4.4219589e-05    4.5495693e-05    4.5792637e+28    3.4344475e+28   -3.0818943e+28    6.5163420e+28    0.0000000e+00
0081    4.5495693e-05    4.6771802e-05    4.8121557e-05    5.4182898e+28    4.0637173e+28   -3.7214201e+28    7.7851375e+28    0.0000000e+00
0082    4.8121557e-05    4.9471313e-05    5.0898980e-05    6.4109350e+28    4.8082016e+28   -4.5039112e+28    9.3121129e+28    0.0000000e+00
0083    5.0898980e-05    5.2326639e-05    5.3836702e-05    7.5852407e+28    5.6889305e+28   -5.4638522e+28    1.1152782e+29    0.0000000e+00
0084    5.3836702e-05    5.5346762e-05    5.6943980e-05    8.9742795e+28    6.7307096e+28   -6.6444579e+28    1.3375168e+29    0.0000000e+00
0085    5.6943980e-05    5.8541198e-05    6.0230599e-05    1.0616999e+29    7.9627495e+28   -8.0998568e+28    1.6062606e+29    0.0000000e+00
0086    6.0230599e-05    6.1920000e-05    6.3706910e-05    1.2559108e+29    9.4193304e+28   -9.8976589e+28    1.9316989e+29    0.0000000e+00
0087    6.3706910e-05    6.5493819e-05    6.7383866e-05    1.4853958e+29    1.1140469e+29   -1.2121880e+29    2.3262349e+29    0.0000000e+00
0088    6.7383866e-05    6.9273920e-05    7.1273040e-05    1.7563250e+29    1.3172438e+29   -1.4875916e+29    2.8048354e+29    0.0000000e+00
0089    7.1273040e-05    7.3272175e-05    7.5386692e-05    2.0757107e+29    1.5567830e+29   -1.8284763e+29    3.3852594e+29    0.0000000e+00
0090    7.5386692e-05    7.7501209e-05    7.9737772e-05    2.4512799e+29    1.8384600e+29   -2.2494815e+29    4.0879415e+29    0.0000000e+00
0091    7.9737772e-05    8.1974322e-05    8.4339976e-05    2.8910314e+29    2.1682738e+29   -2.7667280e+29    4.9350018e+29    0.0000000e+00
0092    8.4339976e-05    8.6705622e-05    8.9207802e-05    3.4021560e+29    2.5516170e+29   -3.3957600e+29    5.9473771e+29    0.0000000e+00
0093    8.9207802e-05    9.1709982e-05    9.4356583e-05    3.9887023e+29    2.9915268e+29   -4.1466193e+29    7.1381463e+29    0.0000000e+00
0094    9.4356583e-05    9.7003183e-05    9.9802535e-05    4.6469998e+29    3.4852500e+29   -5.0136235e+29    8.4988732e+29    0.0000000e+00
0095    9.9802535e-05    1.0260189e-04    1.0556282e-04    5.3576464e+29    4.0182348e+29   -5.9568785e+29    9.9751137e+29    0.0000000e+00
0096    1.0556282e-04    1.0852374e-04    1.1165556e-04    6.0740200e+29    4.5555147e+29   -6.8751309e+29    1.1430646e+30    0.0000000e+00
0097    1.1165556e-04    1.1478738e-04    1.1809995e-04    6.7123067e+29    5.0342297e+29   -7.5815032e+29    1.2615733e+30    0.0000000e+00
0098    1.1809995e-04    1.2141253e-04    1.2491629e-04    7.1583354e+29    5.3687512e+29   -7.8182495e+29    1.3187001e+30    1.0905404e+23
0099    1.2491629e-04    1.2842007e-04    1.3212605e-04    7.3106940e+29    5.4830200e+29   -7.3571606e+29    1.2840181e+30    1.2200581e+23
0100    1.3212605e-04    1.3583204e-04    1.3975194e-04    7.1494619e+29    5.3620968e+29   -6.1609603e+29    1.1523057e+30    0.0000000e+00
0101    1.3975194e-04    1.4367183e-04    1.4781798e-04    6.7666956e+29    5.0750219e+29   -4.4542596e+29    9.5292815e+29    0.0000000e+00
0102    1.4781798e-04    1.5196411e-04    1.5634953e-04    6.3136857e+29    4.7352642e+29   -2.5975086e+29    7.3327728e+29    0.0000000e+00
0103    1.5634953e-04    1.6073497e-04    1.6537352e-04    5.9175075e+29    4.4381306e+29   -8.8930406e+28    5.3274346e+29    0.0000000e+00
0104    1.6537352e-04    1.7001206e-04    1.7491834e-04    5.6418014e+29    4.2313511e+29    5.2489174e+28    3.7064593e+29    0.0000000e+00
0105    1.7491834e-04    1.7982461e-04    1.8501407e-04    5.4971285e+29    4.1228466e+29    1.6260294e+29    2.4968172e+29    0.0000000e+00
0106    1.8501407e-04    1.9020350e-04    1.9569248e-04    5.4666530e+29    4.0999899e+29    2.4590979e+29    1.6408918e+29    1.6727529e+22
0107    1.9569248e-04    2.0118144e-04    2.0698720e-04    5.5253735e+29    4.1440303e+29    3.0869547e+29    1.0570757e+29    9.3570839e+21
0108    2.0698720e-04    2.1279298e-04    2.1893383e-04    5.6496322e+29    4.2372242e+29    3.5678015e+29    6.6942303e+28    1.0468376e+22
0109    2.1893383e-04    2.2507468e-04    2.3156997e-04    5.8203276e+29    4.3652460e+29    3.9478266e+29    4.1741956e+28    2.9279123e+21
0110    2.3156997e-04    2.3806526e-04    2.4493545e-04    6.0231964e+29    4.5173973e+29    4.2608821e+29    2.5651552e+28    2.9480804e+22
0111    2.4493545e-04    2.5180561e-04    2.5907232e-04    6.2480403e+29    4.6860303e+29    4.5306036e+29    1.5542691e+28    9.1616890e+21
0112    2.5907232e-04    2.6633902e-04    2.7402511e-04    6.4877593e+29    4.8658199e+29    4.7729438e+29    9.2875962e+27    1.1274752e+22
0113    2.7402511e-04    2.8171123e-04    2.8984097e-04    6.7374962e+29    5.0531218e+29    4.9983858e+29    5.4735970e+27    5.7335429e+20
0114    2.8984097e-04    2.9797069e-04    3.0656965e-04    6.9939698e+29    5.2454778e+29    5.2136630e+29    3.1814376e+27    2.4054322e+22
0115    3.0656965e-04    3.1516858e-04    3.2426382e-04    7.2549958e+29    5.4412467e+29    5.4230112e+29    1.8235570e+27    1.8837789e+22
0116    3.2426382e-04    3.3335909e-04    3.4297927e-04    7.5191393e+29    5.6393545e+29    5.6290480e+29    1.0306439e+27    4.0142956e+21
0117    3.4297927e-04    3.5259948e-04    3.6277494e-04    7.7854951e+29    5.8391208e+29    5.8333780e+29    5.7428559e+26    5.7822295e+21
0118    3.6277494e-04    3.7295037e-04    3.8371311e-04    8.0535291e+29    6.0401466e+29    6.0369921e+29    3.1543150e+26    2.2358717e+22
0119    3.8371311e-04    3.9447588e-04    4.0585978e-04    8.3229790e+29    6.2422337e+29    6.2405265e+29    1.7074996e+26    1.0715329e+22
0120    4.0585978e-04    4.1724372e-04    4.2928470e-04    8.5937920e+29    6.4453442e+29    6.4444330e+29    9.1077036e+25    4.2056024e+21
0121    4.2928470e-04    4.4132565e-04    4.5406161e-04    8.8660806e+29    6.6495605e+29    6.6490822e+29    4.7858450e+25    6.3650488e+21
0122    4.5406161e-04    4.6679753e-04    4.8026856e-04    9.1400935e+29    6.8550703e+29    6.8548225e+29    2.4769285e+25    1.5602535e+22
0123    4.8026856e-04    4.9373956e-04    5.0798809e-04    9.4161955e+29    7.0621472e+29    7.0620210e+29    1.2623276e+25    1.0611966e+21
0124    5.0798809e-04    5.2223663e-04    5.3730753e-04    9.6948491e+29    7.2711365e+29    7.2710730e+29    6.3332786e+24    3.4980933e+22
0125    5.3730753e-04    5.5237842e-04    5.6831911e-04    9.9765946e+29    7.4824454e+29    7.4824144e+29    3.1273212e+24    2.3542180e+22
0126    5.6831911e-04    5.8425992e-04    6.0112064e-04    1.0262046e+30    7.6965348e+29    7.6965197e+29    1.5194596e+24    2.0014780e+22
0127    6.0112064e-04    6.1798148e-04    6.3581544e-04    1.0551864e+30    7.9138982e+29    7.9138914e+29    7.2620587e+23    1.9879114e+22
0128    6.3581544e-04    6.5364933e-04    6.7251257e-04    1.0846751e+30    8.1350628e+29    8.1350598e+29    3.4131967e+23    4.3986579e+21
0129    6.7251257e-04    6.9137581e-04    7.1132783e-04    1.1147431e+30    8.3605736e+29    8.3605721e+29    1.5771289e+23    8.0488749e+21
0130    7.1132783e-04    7.3127978e-04    7.5238332e-04    1.1454642e+30    8.5909812e+29    8.5909812e+29    7.1622028e+22    9.8058879e+21
0131    7.5238332e-04    7.7348691e-04    7.9580845e-04    1.1769112e+30    8.8268344e+29    8.8268336e+29    3.1956937e+22    3.7200785e+22
0132    7.9580845e-04    8.1813004e-04    8.4173994e-04    1.2091555e+30    9.0686664e+29    9.0686664e+29    1.4005048e+22    1.4005048e+22
0133    8.4173994e-04    8.6534984e-04    8.9032238e-04    1.2422663e+30    9.3169971e+29    9.3169971e+29    6.0264727e+21    6.0264727e+21
0134    8.9032238e-04    9.1529498e-04    9.4170892e-04    1.2763086e+30    9.5723147e+29    9.5723147e+29    2.5453962e+21    2.5453962e+21
0135    9.4170892e-04    9.6812285e-04    9.9606125e-04    1.3113442e+30    9.8350823e+29    9.8350823e+29    1.0549027e+21    1.0549027e+21
0136    9.9606125e-04    1.0239996e-03    1.0535506e-03    1.3474291e+30    1.0105718e+30    1.0105718e+30    4.2882635e+20    4.2882635e+20
0137    1.0535506e-03    1.0831016e-03    1.1143582e-03    1.3846155e+30    1.0384616e+30    1.0384616e+30    1.7092547e+20    1.7092547e+20
0138    1.1143582e-03    1.1456148e-03    1.1786753e-03    1.4229501e+30    1.0672126e+30    1.0672126e+30    6.6777295e+19    6.6777295e+19
0139    1.1786753e-03    1.2117360e-03    1.2467046e-03    1.4624747e+30    1.0968562e+30    1.0968562e+30    2.5561394e+19    2.5561394e+19
0140    1.2467046e-03    1.2816733e-03    1.3186603e-03    1.5032273e+30    1.1274205e+30    1.1274205e+30    9.5831333e+18    9.5831333e+18
0141    1.3186603e-03    1.3556473e-03    1.3947692e-03    1.5452420e+30    1.1589316e+30    1.1589316e+30    3.5174523e+18    3.5174523e+18
0142    1.3947692e-03    1.4338909e-03    1.4752706e-03    1.5885491e+30    1.1914118e+30    1.1914118e+30    1.2634943e+18    1.2634943e+18
0143    1.4752706e-03    1.5166504e-03    1.5604185e-03    1.6331770e+30    1.2248828e+30    1.2248828e+30    4.4398293e+17    4.4398293e+17
0144    1.5604185e-03    1.6041865e-03    1.6504807e-03    1.6791517e+30    1.2593637e+30    1.2593637e+30    1.5255525e+17    1.5255525e+17
0145    1.6504807e-03    1.6967749e-03    1.7457411e-03    1.7264984e+30    1.2948736e+30    1.2948736e+30    5.1235687e+16    5.1235687e+16
0146    1.7457411e-03    1.7947073e-03    1.8464995e-03    1.7752417e+30    1.3314313e+30    1.3314313e+30    1.6811866e+16    1.6811866e+16
0147    1.8464995e-03    1.8982920e-03    1.9530735e-03    1.8254076e+30    1.3690556e+30    1.3690556e+30    5.3872521e+15    5.3872521e+15
0148    1.9530735e-03    2.0078551e-03    2.0657987e-03    1.8770214e+30    1.4077660e+30    1.4077660e+30    1.6851291e+15    1.6851291e+15
0149    2.0657987e-03    2.1237419e-03    2.1850299e-03    1.9301111e+30    1.4475835e+30    1.4475835e+30    5.1430049e+14    5.1430049e+14
0150    2.1850299e-03    2.2463175e-03    2.3111426e-03    1.9847073e+30    1.4885304e+30    1.4885304e+30    1.5308012e+14    1.5308012e+14
0151    2.3111426e-03    2.3759676e-03    2.4445341e-03    2.0408415e+30    1.5306311e+30    1.5306311e+30    4.4415582e+13    4.4415582e+13
0152    2.4445341e-03    2.5131009e-03    2.5856246e-03    2.0985483e+30    1.5739113e+30    1.5739113e+30    1.2556255e+13    1.2556255e+13
0153    2.5856246e-03    2.6581485e-03    2.7348585e-03    2.1578653e+30    1.6183990e+30    1.6183990e+30    3.4568717e+12    3.4568717e+12
0154    2.7348585e-03    2.8115683e-03    2.8927056e-03    2.2188331e+30    1.6641249e+30    1.6641249e+30    9.2638570e+11    9.2638570e+11
0155    2.8927056e-03    2.9738427e-03    3.0596631e-03    2.2814952e+30    1.7111215e+30    1.7111215e+30    2.4152913e+11    2.4152913e+11
0156    3.0596631e-03    3.1454833e-03    3.2362570e-03    2.3458974e+30    1.7594230e+30    1.7594230e+30    6.1234586e+10    6.1234586e+10
0157    3.2362570e-03    3.3270305e-03    3.4230431e-03    2.4120881e+30    1.8090661e+30    1.8090661e+30    1.5088663e+10    1.5088663e+10
0158    3.4230431e-03    3.5190559e-03    3.6206099e-03    2.4801184e+30    1.8600888e+30    1.8600888e+30    3.6116488e+09    3.6116488e+09
0159    3.6206099e-03    3.7221643e-03    3.8295798e-03    2.5500422e+30    1.9125318e+30    1.9125318e+30    8.3932858e+08    8.3932858e+08
0160    3.8295798e-03    3.9369953e-03    4.0506106e-03    2.6219153e+30    1.9664365e+30    1.9664365e+30    1.8927682e+08    1.8927682e+08
0161    4.0506106e-03    4.1642259e-03    4.2843986e-03    2.6957952e+30    2.0218464e+30    2.0218464e+30    4.1396716e+07    4.1396716e+07
0162    4.2843986e-03    4.4045714e-03    4.5316801e-03    2.7717417e+30    2.0788063e+30    2.0788063e+30    8.7760230e+06    8.7760230e+06
0163    4.5316801e-03    4.6587889e-03    4.7932337e-03    2.8498159e+30    2.1373620e+30    2.1373620e+30    1.8023925e+06    1.8023925e+06
0164    4.7932337e-03    4.9276790e-03    5.0698840e-03    2.9300817e+30    2.1975613e+30    2.1975613e+30    3.5840425e+05    3.5840425e+05
0165    5.0698840e-03    5.2120886e-03    5.3625009e-03    3.0126032e+30    2.2594524e+30    2.2594524e+30    6.8962867e+04    6.8962867e+04
0166    5.3625009e-03    5.5129132e-03    5.6720069e-03    3.0974475e+30    2.3230855e+30    2.3230855e+30    1.2833004e+04    1.2833004e+04
0167    5.6720069e-03    5.8311010e-03    5.9993770e-03    3.1846814e+30    2.3885112e+30    2.3885112e+30    2.3080520e+03    2.3080520e+03
0168    5.9993770e-03    6.1676530e-03    6.3456409e-03    3.2743750e+30    2.4557814e+30    2.4557814e+30    4.0095673e+02    4.0095673e+02
0169    6.3456409e-03    6.5236297e-03    6.7118909e-03    3.3665982e+30    2.5249486e+30    2.5249486e+30    6.7236664e+01    6.7236664e+01
0170    6.7118909e-03    6.9001522e-03    7.0992792e-03    3.4614248e+30    2.5960685e+30    2.5960685e+30    1.0876364e+01    1.0876364e+01
0171    7.0992792e-03    7.2984067e-03    7.5090267e-03    3.5589283e+30    2.6691964e+30    2.6691964e+30    1.6959749e+00    1.6959749e+00
0172    7.5090267e-03    7.7196471e-03    7.9424232e-03    3.6591851e+30    2.7443888e+30    2.7443888e+30    2.5472611e-01    2.5472611e-01
0173    7.9424232e-03    8.1652002e-03    8.4008342e-03    3.7622733e+30    2.8217048e+30    2.8217048e+30    3.6834702e-02    3.6834702e-02
0174    8.4008342e-03    8.6364690e-03    8.8857021e-03    3.8682713e+30    2.9012035e+30    2.9012035e+30    5.1228628e-03    5.1228628e-03
0175    8.8857021e-03    9.1349371e-03    9.3985572e-03    3.9772617e+30    2.9829462e+30    2.9829462e+30    6.8469450e-04    6.8469450e-04
0176    9.3985572e-03    9.6621756e-03    9.9410107e-03    4.0893288e+30    3.0669964e+30    3.0669964e+30    8.7854241e-05    8.7854241e-05
0177    9.9410107e-03    1.0219845e-02    1.0514773e-02    4.2045588e+30    3.1534192e+30    3.1534192e+30    1.0809182e-05    1.0809182e-05
0178    1.0514773e-02    1.0809702e-02    1.1121652e-02    4.3230405e+30    3.2422804e+30    3.2422804e+30    1.2733333e-06    1.2733333e-06
0179    1.1121652e-02    1.1433602e-02    1.1763558e-02    4.4448639e+30    3.3336480e+30    3.3336480e+30    1.4351971e-07    1.4351971e-07
0180    1.1763558e-02    1.2093512e-02    1.2442512e-02    4.5701237e+30    3.4275930e+30    3.4275930e+30    1.5476042e-08    1.5476042e-08
0181    1.2442512e-02    1.2791511e-02    1.3160652e-02    4.6989160e+30    3.5241871e+30    3.5241871e+30    1.5936533e-09    1.5936533e-09
0182    1.3160652e-02    1.3529795e-02    1.3920243e-02    4.8313400e+30    3.6235049e+30    3.6235049e+30    1.5626066e-10    1.5626066e-10
0183    1.3920243e-02    1.4310690e-02    1.4723673e-02    4.9674964e+30    3.7256226e+30    3.7256226e+30    0.0000000e+00    0.0000000e+00
0184    1.4723673e-02    1.5136656e-02    1.5573476e-02    5.1074922e+30    3.8306190e+30    3.8306190e+30    0.0000000e+00    0.0000000e+00
0185    1.5573476e-02    1.6010294e-02    1.6472325e-02    5.2514335e+30    3.9385751e+30    3.9385751e+30    0.0000000e+00    0.0000000e+00
0186    1.6472325e-02    1.6934358e-02    1.7423056e-02    5.3994320e+30    4.0495742e+30    4.0495742e+30    0.0000000e+00    0.0000000e+00
0187    1.7423056e-02    1.7911753e-02    1.8428657e-02    5.5516026e+30    4.1637019e+30    4.1637019e+30    0.0000000e+00    0.0000000e+00
0188    1.8428657e-02    1.8945562e-02    1.9492300e-02    5.7080623e+30    4.2810469e+30    4.2810469e+30    0.0000000e+00    0.0000000e+00
0189    1.9492300e-02    2.0039037e-02    2.0617332e-02    5.8689323e+30    4.4016992e+30    4.4016992e+30    0.0000000e+00    0.0000000e+00
0190    2.0617332e-02    2.1195624e-02    2.1807296e-02    6.0343369e+30    4.5257525e+30    4.5257525e+30    0.0000000e+00    0.0000000e+00
0191    2.1807296e-02    2.2418967e-02    2.3065943e-02    6.2044032e+30    4.6533024e+30    4.6533024e+30    0.0000000e+00    0.0000000e+00
0192    2.3065943e-02    2.3712916e-02    2.4397234e-02    6.3792658e+30    4.7844491e+30    4.7844491e+30    0.0000000e+00    0.0000000e+00
0193    2.4397234e-02    2.5081549e-02    2.5805362e-02    6.5590567e+30    4.9192926e+30    4.9192926e+30    0.0000000e+00    0.0000000e+00
0194    2.5805362e-02    2.6529176e-02    2.7294762e-02    6.7439183e+30    5.0579389e+30    5.0579389e+30    0.0000000e+00    0.0000000e+00
0195    2.7294762e-02    2.8060351e-02    2.8870128e-02    6.9339911e+30    5.2004930e+30    5.2004930e+30    0.0000000e+00    0.0000000e+00
0196    2.8870128e-02    2.9679904e-02    3.0536419e-02    7.1294248e+30    5.3470686e+30    5.3470686e+30    0.0000000e+00    0.0000000e+00
0197    3.0536419e-02    3.1392928e-02    3.2298882e-02    7.3303683e+30    5.4977763e+30    5.4977763e+30    0.0000000e+00    0.0000000e+00
0198    3.2298882e-02    3.3204831e-02    3.4163065e-02    7.5369821e+30    5.6527365e+30    5.6527365e+30    0.0000000e+00    0.0000000e+00
0199    3.4163065e-02    3.5121303e-02    3.6134847e-02    7.7494218e+30    5.8120662e+30    5.8120662e+30    0.0000000e+00    0.0000000e+00
0200    3.6134847e-02    3.7148390e-02    3.8220432e-02    7.9678554e+30    5.9758914e+30    5.9758914e+30    0.0000000e+00    0.0000000e+00
0201    3.8220432e-02    3.9292473e-02    4.0426392e-02    8.1924502e+30    6.1443371e+30    6.1443371e+30    0.0000000e+00    0.0000000e+00
0202    4.0426392e-02    4.1560307e-02    4.2759672e-02    8.4233829e+30    6.3175368e+30    6.3175368e+30    0.0000000e+00    0.0000000e+00
0203    4.2759672e-02    4.3959033e-02    4.5227621e-02    8.6608298e+30    6.4956225e+30    6.4956225e+30    0.0000000e+00    0.0000000e+00
0204    4.5227621e-02    4.6496205e-02    4.7838010e-02    8.9049790e+30    6.6787343e+30    6.6787343e+30    0.0000000e+00    0.0000000e+00
0205    4.7838010e-02    4.9179815e-02    5.0599065e-02    9.1560167e+30    6.8670130e+30    6.8670130e+30    0.0000000e+00    0.0000000e+00
0206    5.0599065e-02    5.2018311e-02    5.3519476e-02    9.4141405e+30    7.0606049e+30    7.0606049e+30    0.0000000e+00    0.0000000e+00
0207    5.3519476e-02    5.5020642e-02    5.6608446e-02    9.6795505e+30    7.2596630e+30    7.2596630e+30    0.0000000e+00    0.0000000e+00
0208    5.6608446e-02    5.8196254e-02    5.9875701e-02    9.9524528e+30    7.4643396e+30    7.4643396e+30    0.0000000e+00    0.0000000e+00
0209    5.9875701e-02    6.1555151e-02    6.3331529e-02    1.0233059e+31    7.6747942e+30    7.6747942e+30    0.0000000e+00    0.0000000e+00
0210    6.3331529e-02    6.5107912e-02    6.6986822e-02    1.0521588e+31    7.8911908e+30    7.8911908e+30    0.0000000e+00    0.0000000e+00
0211    6.6986822e-02    6.8865731e-02    7.0853077e-02    1.0818266e+31    8.1137002e+30    8.1137002e+30    0.0000000e+00    0.0000000e+00
0212    7.0853077e-02    7.2840437e-02    7.4942484e-02    1.1123323e+31    8.3424918e+30    8.3424918e+30    0.0000000e+00    0.0000000e+00
0213    7.4942484e-02    7.7044547e-02    7.9267927e-02    1.1436993e+31    8.5777452e+30    8.5777452e+30    0.0000000e+00    0.0000000e+00
0214    7.9267927e-02    8.1491306e-02    8.3843008e-02    1.1759526e+31    8.8196452e+30    8.8196452e+30    0.0000000e+00    0.0000000e+00
0215    8.3843008e-02    8.6194716e-02    8.8682160e-02    1.2091174e+31    9.0683805e+30    9.0683805e+30    0.0000000e+00    0.0000000e+00
0216    8.8682160e-02    9.1169596e-02    9.3800604e-02    1.2432193e+31    9.3241450e+30    9.3241450e+30    0.0000000e+00    0.0000000e+00
0217    9.3800604e-02    9.6431613e-02    9.9214464e-02    1.2782849e+31    9.5871360e+30    9.5871360e+30    0.0000000e+00    0.0000000e+00
0218    9.9214464e-02    1.0199733e-01    1.0494081e-01    1.3143417e+31    9.8575630e+30    9.8575630e+30    0.0000000e+00    0.0000000e+00
0219    1.0494081e-01    1.0788428e-01    1.1099764e-01    1.3514180e+31    1.0135635e+31    1.0135635e+31    0.0000000e+00    0.0000000e+00
0220    1.1099764e-01    1.1411101e-01    1.1740407e-01    1.3895430e+31    1.0421572e+31    1.0421572e+31    0.0000000e+00    0.0000000e+00
0221    1.1740407e-01    1.2069713e-01    1.2418025e-01    1.4287460e+31    1.0715596e+31    1.0715596e+31    0.0000000e+00    0.0000000e+00
0222    1.2418025e-01    1.2766336e-01    1.3134752e-01    1.4690580e+31    1.1017936e+31    1.1017936e+31    0.0000000e+00    0.0000000e+00
0223    1.3134752e-01    1.3503169e-01    1.3892849e-01    1.5105111e+31    1.1328833e+31    1.1328833e+31    0.0000000e+00    0.0000000e+00
0224    1.3892849e-01    1.4282526e-01    1.4694698e-01    1.5531372e+31    1.1648530e+31    1.1648530e+31    0.0000000e+00    0.0000000e+00
0225    1.4694698e-01    1.5106869e-01    1.5542828e-01    1.5969706e+31    1.1977279e+31    1.1977279e+31    0.0000000e+00    0.0000000e+00
0226    1.5542828e-01    1.5978788e-01    1.6439909e-01    1.6420448e+31    1.2315337e+31    1.2315337e+31    0.0000000e+00    0.0000000e+00
0227    1.6439909e-01    1.6901030e-01    1.7388767e-01    1.6883960e+31    1.2662970e+31    1.2662970e+31    0.0000000e+00    0.0000000e+00
0228    1.7388767e-01    1.7876503e-01    1.8392390e-01    1.7360609e+31    1.3020456e+31    1.3020456e+31    0.0000000e+00    0.0000000e+00
0229    1.8392390e-01    1.8908277e-01    1.9453938e-01    1.7850768e+31    1.3388076e+31    1.3388076e+31    0.0000000e+00    0.0000000e+00
0230    1.9453938e-01    1.9999601e-01    2.0576757e-01    1.8354823e+31    1.3766118e+31    1.3766118e+31    0.0000000e+00    0.0000000e+00
0231    2.0576757e-01    2.1153912e-01    2.1764380e-01    1.8873178e+31    1.4154883e+31    1.4154883e+31    0.0000000e+00    0.0000000e+00
0232    2.1764380e-01    2.2374848e-01    2.3020549e-01    1.9406243e+31    1.4554682e+31    1.4554682e+31    0.0000000e+00    0.0000000e+00
0233    2.3020549e-01    2.3666249e-01    2.4349220e-01    1.9954439e+31    1.4965829e+31    1.4965829e+31    0.0000000e+00    0.0000000e+00
0234    2.4349220e-01    2.5032189e-01    2.5754580e-01    2.0518211e+31    1.5388659e+31    1.5388659e+31    0.0000000e+00    0.0000000e+00
0235    2.5754580e-01    2.6476967e-01    2.7241048e-01    2.1097994e+31    1.5823496e+31    1.5823496e+31    0.0000000e+00    0.0000000e+00
0236    2.7241048e-01    2.8005129e-01    2.8813311e-01    2.1694261e+31    1.6270696e+31    1.6270696e+31    0.0000000e+00    0.0000000e+00
0237    2.8813311e-01    2.9621494e-01    3.0476323e-01    2.2307484e+31    1.6730612e+31    1.6730612e+31    0.0000000e+00    0.0000000e+00
0238    3.0476323e-01    3.1331149e-01    3.2235315e-01    2.2938161e+31    1.7203620e+31    1.7203620e+31    0.0000000e+00    0.0000000e+00
0239    3.2235315e-01    3.3139482e-01    3.4095833e-01    2.3586796e+31    1.7690097e+31    1.7690097e+31    0.0000000e+00    0.0000000e+00
0240    3.4095833e-01    3.5052186e-01    3.6063734e-01    2.4253907e+31    1.8190432e+31    1.8190432e+31    0.0000000e+00    0.0000000e+00
0241    3.6063734e-01    3.7075284e-01    3.8145217e-01    2.4940041e+31    1.8705030e+31    1.8705030e+31    0.0000000e+00    0.0000000e+00
0242    3.8145217e-01    3.9215147e-01    4.0346834e-01    2.5645739e+31    1.9234306e+31    1.9234306e+31    0.0000000e+00    0.0000000e+00
0243    4.0346834e-01    4.1478518e-01    4.2675519e-01    2.6371592e+31    1.9778694e+31    1.9778694e+31    0.0000000e+00    0.0000000e+00
0244    4.2675519e-01    4.3872520e-01    4.5138612e-01    2.7118177e+31    2.0338632e+31    2.0338632e+31    0.0000000e+00    0.0000000e+00
0245    4.5138612e-01    4.6404701e-01    4.7743866e-01    2.7886108e+31    2.0914581e+31    2.0914581e+31    0.0000000e+00    0.0000000e+00
0246    4.7743866e-01    4.9083030e-01    5.0499481e-01    2.8676011e+31    2.1507008e+31    2.1507008e+31    0.0000000e+00    0.0000000e+00
0247    5.0499481e-01    5.1915944e-01    5.3414154e-01    2.9488539e+31    2.2116406e+31    2.2116406e+31    0.0000000e+00    0.0000000e+00
0248    5.3414154e-01    5.4912359e-01    5.6497037e-01    3.0324352e+31    2.2743263e+31    2.2743263e+31    0.0000000e+00    0.0000000e+00
0249    5.6497037e-01    5.8081728e-01    5.9757870e-01    3.1184152e+31    2.3388116e+31    2.3388116e+31    0.0000000e+00    0.0000000e+00
0250    5.9757870e-01    6.1434013e-01    6.3206893e-01    3.2068646e+31    2.4051485e+31    2.4051485e+31    0.0000000e+00    0.0000000e+00
0251    6.3206893e-01    6.4979786e-01    6.6854995e-01    3.2978573e+31    2.4733928e+31    2.4733928e+31    0.0000000e+00    0.0000000e+00
0252    6.6854995e-01    6.8730199e-01    7.0713639e-01    3.3914685e+31    2.5436014e+31    2.5436014e+31    0.0000000e+00    0.0000000e+00
0253    7.0713639e-01    7.2697091e-01    7.4795002e-01    3.4877781e+31    2.6158338e+31    2.6158338e+31    0.0000000e+00    0.0000000e+00
0254    7.4795002e-01    7.6892924e-01    7.9111934e-01    3.5868665e+31    2.6901498e+31    2.6901498e+31    0.0000000e+00    0.0000000e+00
0255    7.9111934e-01    8.1330931e-01    8.3678013e-01    3.6888186e+31    2.7666139e+31    2.7666139e+31    0.0000000e+00    0.0000000e+00
0256    8.3678013e-01    8.6025095e-01    8.8507634e-01    3.7937207e+31    2.8452906e+31    2.8452906e+31    0.0000000e+00    0.0000000e+00
0257    8.8507634e-01    9.0990180e-01    9.3616009e-01    3.9016620e+31    2.9262468e+31    2.9262468e+31    0.0000000e+00    0.0000000e+00
0258    9.3616009e-01    9.6241832e-01    9.9019212e-01    4.0127362e+31    3.0095522e+31    3.0095522e+31    0.0000000e+00    0.0000000e+00
0259    9.9019212e-01    1.0179659e+00    1.0473429e+00    4.1270392e+31    3.0952795e+31    3.0952795e+31    0.0000000e+00    0.0000000e+00
0260    1.0473429e+00    1.0767196e+00    1.1077920e+00    4.2446706e+31    3.1835028e+31    3.1835028e+31    0.0000000e+00    0.0000000e+00
0261    1.1077920e+00    1.1388644e+00    1.1717302e+00    4.3657338e+31    3.2743004e+31    3.2743004e+31    0.0000000e+00    0.0000000e+00
0262    1.1717302e+00    1.2045960e+00    1.2393587e+00    4.4903369e+31    3.3677523e+31    3.3677523e+31    0.0000000e+00    0.0000000e+00
0263    1.2393587e+00    1.2741213e+00    1.3108903e+00    4.6185870e+31    3.4639400e+31    3.4639400e+31    0.0000000e+00    0.0000000e+00
0264    1.3108903e+00    1.3476595e+00    1.3865507e+00    4.7506017e+31    3.5629513e+31    3.5629513e+31    0.0000000e+00    0.0000000e+00
0265    1.3865507e+00    1.4254420e+00    1.4665779e+00    4.8864994e+31    3.6648743e+31    3.6648743e+31    0.0000000e+00    0.0000000e+00
0266    1.4665779e+00    1.5077138e+00    1.5512240e+00    5.0264031e+31    3.7698021e+31    3.7698021e+31    0.0000000e+00    0.0000000e+00
0267    1.5512240e+00    1.5947341e+00    1.6407555e+00    5.1704418e+31    3.8778312e+31    3.8778312e+31    0.0000000e+00    0.0000000e+00
0268    1.6407555e+00    1.6867770e+00    1.7354547e+00    5.3187484e+31    3.9890611e+31    3.9890611e+31    0.0000000e+00    0.0000000e+00
0269    1.7354547e+00    1.7841322e+00    1.8356193e+00    5.4714595e+31    4.1035947e+31    4.1035947e+31    0.0000000e+00    0.0000000e+00
0270    1.8356193e+00    1.8871065e+00    1.9415654e+00    5.6287199e+31    4.2215399e+31    4.2215399e+31    0.0000000e+00    0.0000000e+00
0271    1.9415654e+00    1.9960241e+00    2.0536263e+00    5.7906802e+31    4.3430104e+31    4.3430104e+31    0.0000000e+00    0.0000000e+00
0272    2.0536263e+00    2.1112282e+00    2.1721547e+00    5.9574941e+31    4.4681207e+31    4.4681207e+31    0.0000000e+00    0.0000000e+00
0273    2.1721547e+00    2.2330816e+00    2.2975245e+00    6.1293240e+31    4.5969927e+31    4.5969927e+31    0.0000000e+00    0.0000000e+00
0274    2.2975245e+00    2.3619676e+00    2.4301302e+00    6.3063374e+31    4.7297530e+31    4.7297530e+31    0.0000000e+00    0.0000000e+00
0275    2.4301302e+00    2.4982927e+00    2.5703893e+00    6.4887101e+31    4.8665328e+31    4.8665328e+31    0.0000000e+00    0.0000000e+00
0276    2.5703893e+00    2.6424859e+00    2.7187438e+00    6.6766241e+31    5.0074684e+31    5.0074684e+31    0.0000000e+00    0.0000000e+00
0277    2.7187438e+00    2.7950015e+00    2.8756607e+00    6.8702693e+31    5.1527020e+31    5.1527020e+31    0.0000000e+00    0.0000000e+00
0278    2.8756607e+00    2.9563200e+00    3.0416346e+00    7.0698495e+31    5.3023868e+31    5.3023868e+31    0.0000000e+00    0.0000000e+00
0279    3.0416346e+00    3.1269491e+00    3.2171876e+00    7.2755646e+31    5.4566738e+31    5.4566738e+31    0.0000000e+00    0.0000000e+00
0280    3.2171876e+00    3.3074265e+00    3.4028735e+00    7.4876358e+31    5.6157269e+31    5.6157269e+31    0.0000000e+00    0.0000000e+00
0281    3.4028735e+00    3.4983203e+00    3.5992761e+00    7.7062870e+31    5.7797152e+31    5.7797152e+31    0.0000000e+00    0.0000000e+00
0282    3.5992761e+00    3.7002320e+00    3.8070147e+00    7.9317536e+31    5.9488154e+31    5.9488154e+31    0.0000000e+00    0.0000000e+00
0283    3.8070147e+00    3.9137971e+00    4.0267434e+00    8.1642890e+31    6.1232165e+31    6.1232165e+31    0.0000000e+00    0.0000000e+00
0284    4.0267434e+00    4.1396890e+00    4.2591534e+00    8.4041438e+31    6.3031076e+31    6.3031076e+31    0.0000000e+00    0.0000000e+00
0285    4.2591534e+00    4.3786182e+00    4.5049782e+00    8.6515935e+31    6.4886956e+31    6.4886956e+31    0.0000000e+00    0.0000000e+00
0286    4.5049782e+00    4.6313376e+00    4.7649908e+00    8.9069196e+31    6.6801899e+31    6.6801899e+31    0.0000000e+00    0.0000000e+00
0287    4.7649908e+00    4.8986435e+00    5.0400105e+00    9.1704190e+31    6.8778145e+31    6.8778145e+31    0.0000000e+00    0.0000000e+00
0288    5.0400105e+00    5.1813774e+00    5.3309031e+00    9.4424012e+31    7.0818014e+31    7.0818014e+31    0.0000000e+00    0.0000000e+00
0289    5.3309031e+00    5.4804292e+00    5.6385856e+00    9.7232008e+31    7.2924006e+31    7.2924006e+31    0.0000000e+00    0.0000000e+00
0290    5.6385856e+00    5.7967420e+00    5.9640269e+00    1.0013156e+32    7.5098670e+31    7.5098670e+31    0.0000000e+00    0.0000000e+00
0291    5.9640269e+00    6.1313109e+00    6.3082509e+00    1.0312614e+32    7.7344608e+31    7.7344608e+31    0.0000000e+00    0.0000000e+00
0292    6.3082509e+00    6.4851904e+00    6.6723423e+00    1.0621973e+32    7.9664793e+31    7.9664793e+31    0.0000000e+00    0.0000000e+00
0293    6.6723423e+00    6.8594942e+00    7.0574484e+00    1.0941612e+32    8.2062088e+31    8.2062088e+31    0.0000000e+00    0.0000000e+00
0294    7.0574484e+00    7.2554021e+00    7.4647813e+00    1.1271960e+32    8.4539689e+31    8.4539689e+31    0.0000000e+00    0.0000000e+00
0295    7.4647813e+00    7.6741605e+00    7.8956242e+00    1.1613439e+32    8.7100784e+31    8.7100784e+31    0.0000000e+00    0.0000000e+00
0296    7.8956242e+00    8.1170874e+00    8.3513336e+00    1.1966525e+32    8.9748941e+31    8.9748941e+31    0.0000000e+00    0.0000000e+00
0297    8.3513336e+00    8.5855799e+00    8.8333454e+00    1.2331696e+32    9.2487719e+31    9.2487719e+31    0.0000000e+00    0.0000000e+00
0298    8.8333454e+00    9.0811110e+00    9.3431778e+00    1.2709459e+32    9.5320948e+31    9.5320948e+31    0.0000000e+00    0.0000000e+00
0299    9.3431778e+00    9.6052427e+00    9.8824348e+00    1.3100341e+32    9.8252554e+31    9.8252554e+31    0.0000000e+00    0.0000000e+00
0300    9.8824348e+00    1.0159627e+01    1.0452817e+01    1.3504921e+32    1.0128691e+32    1.0128691e+32    0.0000000e+00    0.0000000e+00
0301    1.0452817e+01    1.0746007e+01    1.1056119e+01    1.3923770e+32    1.0442828e+32    1.0442828e+32    0.0000000e+00    0.0000000e+00
0302    1.1056119e+01    1.1366232e+01    1.1694242e+01    1.4357515e+32    1.0768136e+32    1.0768136e+32    0.0000000e+00    0.0000000e+00
0303    1.1694242e+01    1.2022253e+01    1.2369197e+01    1.4806802e+32    1.1105101e+32    1.1105101e+32    0.0000000e+00    0.0000000e+00
0304    1.2369197e+01    1.2716139e+01    1.3083105e+01    1.5272313e+32    1.1454236e+32    1.1454236e+32    0.0000000e+00    0.0000000e+00
0305    1.3083105e+01    1.3450072e+01    1.3838220e+01    1.5754774e+32    1.1816082e+32    1.1816082e+32    0.0000000e+00    0.0000000e+00
0306    1.3838220e+01    1.4226367e+01    1.4636917e+01    1.6254934e+32    1.2191202e+32    1.2191202e+32    0.0000000e+00    0.0000000e+00
0307    1.4636917e+01    1.5047467e+01    1.5481712e+01    1.6773561e+32    1.2580171e+32    1.2580171e+32    0.0000000e+00    0.0000000e+00
0308    1.5481712e+01    1.5915957e+01    1.6375265e+01    1.7311499e+32    1.2983623e+32    1.2983623e+32    0.0000000e+00    0.0000000e+00
0309    1.6375265e+01    1.6834574e+01    1.7320395e+01    1.7869614e+32    1.3402211e+32    1.3402211e+32    0.0000000e+00    0.0000000e+00
0310    1.7320395e+01    1.7806211e+01    1.8320070e+01    1.8448790e+32    1.3836593e+32    1.3836593e+32    0.0000000e+00    0.0000000e+00
0311    1.8320070e+01    1.8833927e+01    1.9377443e+01    1.9049953e+32    1.4287465e+32    1.4287465e+32    0.0000000e+00    0.0000000e+00
0312    1.9377443e+01    1.9920961e+01    2.0495846e+01    1.9674088e+32    1.4755567e+32    1.4755567e+32    0.0000000e+00    0.0000000e+00
0313    2.0495846e+01    2.1070734e+01    2.1678801e+01    2.0322194e+32    1.5241646e+32    1.5241646e+32    0.0000000e+00    0.0000000e+00
0314    2.1678801e+01    2.2286867e+01    2.2930031e+01    2.0995270e+32    1.5746452e+32    1.5746452e+32    0.0000000e+00    0.0000000e+00
0315    2.2930031e+01    2.3573193e+01    2.4253477e+01    2.1694410e+32    1.6270809e+32    1.6270809e+32    0.0000000e+00    0.0000000e+00
0316    2.4253477e+01    2.4933762e+01    2.5653309e+01    2.2420744e+32    1.6815557e+32    1.6815557e+32    0.0000000e+00    0.0000000e+00
0317    2.5653309e+01    2.6372856e+01    2.7133932e+01    2.3175315e+32    1.7381489e+32    1.7381489e+32    0.0000000e+00    0.0000000e+00
0318    2.7133932e+01    2.7895012e+01    2.8700016e+01    2.3959285e+32    1.7969464e+32    1.7969464e+32    0.0000000e+00    0.0000000e+00
0319    2.8700016e+01    2.9505020e+01    3.0356487e+01    2.4773739e+32    1.8580304e+32    1.8580304e+32    0.0000000e+00    0.0000000e+00
0320    3.0356487e+01    3.1207954e+01    3.2108566e+01    2.5619765e+32    1.9214822e+32    1.9214822e+32    0.0000000e+00    0.0000000e+00
0321    3.2108566e+01    3.3009174e+01    3.3961765e+01    2.6498538e+32    1.9873901e+32    1.9873901e+32    0.0000000e+00    0.0000000e+00
0322    3.3961765e+01    3.4914356e+01    3.5921928e+01    2.7411120e+32    2.0558341e+32    2.0558341e+32    0.0000000e+00    0.0000000e+00
0323    3.5921928e+01    3.6929497e+01    3.7995224e+01    2.8358342e+32    2.1268758e+32    2.1268758e+32    0.0000000e+00    0.0000000e+00
0324    3.7995224e+01    3.9060951e+01    4.0188187e+01    2.9341212e+32    2.2005910e+32    2.2005910e+32    0.0000000e+00    0.0000000e+00
0325    4.0188187e+01    4.1315418e+01    4.2507717e+01    3.0360501e+32    2.2770377e+32    2.2770377e+32    0.0000000e+00    0.0000000e+00
0326    4.2507717e+01    4.3700012e+01    4.4961121e+01    3.1416810e+32    2.3562608e+32    2.3562608e+32    0.0000000e+00    0.0000000e+00
0327    4.4961121e+01    4.6222237e+01    4.7556133e+01    3.2510356e+32    2.4382767e+32    2.4382767e+32    0.0000000e+00    0.0000000e+00
0328    4.7556133e+01    4.8890034e+01    5.0300915e+01    3.3641612e+32    2.5231210e+32    2.5231210e+32    0.0000000e+00    0.0000000e+00
0329    5.0300915e+01    5.1711803e+01    5.3204124e+01    3.4810143e+32    2.6107608e+32    2.6107608e+32    0.0000000e+00    0.0000000e+00
0330    5.3204124e+01    5.4696442e+01    5.6274891e+01    3.6015556e+32    2.7011668e+32    2.7011668e+32    0.0000000e+00    0.0000000e+00
0331    5.6274891e+01    5.7853340e+01    5.9522896e+01    3.7256966e+32    2.7942725e+32    2.7942725e+32    0.0000000e+00    0.0000000e+00
0332    5.9522896e+01    6.1192448e+01    6.2958363e+01    3.8532617e+32    2.8899463e+32    2.8899463e+32    0.0000000e+00    0.0000000e+00
0333    6.2958363e+01    6.4724281e+01    6.6592110e+01    3.9840473e+32    2.9880354e+32    2.9880354e+32    0.0000000e+00    0.0000000e+00
0334    6.6592110e+01    6.8459946e+01    7.0435593e+01    4.1177232e+32    3.0882925e+32    3.0882925e+32    0.0000000e+00    0.0000000e+00
0335    7.0435593e+01    7.2411232e+01    7.4500908e+01    4.2539361e+32    3.1904521e+32    3.1904521e+32    0.0000000e+00    0.0000000e+00
0336    7.4500908e+01    7.6590576e+01    7.8800858e+01    4.3922383e+32    3.2941789e+32    3.2941789e+32    0.0000000e+00    0.0000000e+00
0337    7.8800858e+01    8.1011131e+01    8.3348984e+01    4.5319759e+32    3.3989818e+32    3.3989818e+32    0.0000000e+00    0.0000000e+00
0338    8.3348984e+01    8.5686836e+01    8.8159615e+01    4.6724333e+32    3.5043251e+32    3.5043251e+32    0.0000000e+00    0.0000000e+00
0339    8.8159615e+01    9.0632401e+01    9.3247894e+01    4.8127434e+32    3.6095573e+32    3.6095573e+32    0.0000000e+00    0.0000000e+00
0340    9.3247894e+01    9.5863403e+01    9.8629868e+01    4.9519106e+32    3.7139327e+32    3.7139327e+32    0.0000000e+00    0.0000000e+00
0341    9.8629868e+01    1.0139632e+02    1.0432246e+02    5.0887444e+32    3.8165583e+32    3.8165583e+32    0.0000000e+00    0.0000000e+00
0342    1.0432246e+02    1.0724860e+02    1.1034361e+02    5.2217433e+32    3.9163076e+32    3.9163076e+32    0.0000000e+00    0.0000000e+00
0343    1.1034361e+02    1.1343864e+02    1.1671228e+02    5.3495687e+32    4.0121764e+32    4.0121764e+32    0.0000000e+00    0.0000000e+00
0344    1.1671228e+02    1.1998594e+02    1.2344854e+02    5.4702129e+32    4.1026594e+32    4.1026594e+32    0.0000000e+00    0.0000000e+00
0345    1.2344854e+02    1.2691114e+02    1.3057358e+02    5.5818894e+32    4.1864173e+32    4.1864173e+32    0.0000000e+00    0.0000000e+00
0346    1.3057358e+02    1.3423604e+02    1.3810986e+02    5.6824415e+32    4.2618310e+32    4.2618310e+32    0.0000000e+00    0.0000000e+00
0347    1.3810986e+02    1.4198369e+02    1.4608112e+02    5.7694509e+32    4.3270883e+32    4.3270883e+32    0.0000000e+00    0.0000000e+00
0348    1.4608112e+02    1.5017853e+02    1.5451244e+02    5.8406216e+32    4.3804667e+32    4.3804667e+32    0.0000000e+00    0.0000000e+00
0349    1.5451244e+02    1.5884636e+02    1.6343039e+02    5.8932445e+32    4.4199334e+32    4.4199334e+32    0.0000000e+00    0.0000000e+00
0350    1.6343039e+02    1.6801445e+02    1.7286305e+02    5.9249543e+32    4.4437158e+32    4.4437158e+32    0.0000000e+00    0.0000000e+00
0351    1.7286305e+02    1.7771169e+02    1.8284016e+02    5.9328814e+32    4.4496613e+32    4.4496613e+32    0.0000000e+00    0.0000000e+00
0352    1.8284016e+02    1.8796863e+02    1.9339310e+02    5.9146976e+32    4.4360235e+32    4.4360235e+32    0.0000000e+00    0.0000000e+00
0353    1.9339310e+02    1.9881757e+02    2.0455511e+02    5.8682172e+32    4.4011627e+32    4.4011627e+32    0.0000000e+00    0.0000000e+00
0354    2.0455511e+02    2.1029268e+02    2.1636137e+02    5.7912290e+32    4.3434217e+32    4.3434217e+32    0.0000000e+00    0.0000000e+00
0355    2.1636137e+02    2.2243007e+02    2.2884903e+02    5.6822833e+32    4.2617123e+32    4.2617123e+32    0.0000000e+00    0.0000000e+00
0356    2.2884903e+02    2.3526801e+02    2.4205746e+02    5.5401743e+32    4.1551307e+32    4.1551307e+32    0.0000000e+00    0.0000000e+00
0357    2.4205746e+02    2.4884691e+02    2.5602823e+02    5.3650461e+32    4.0237844e+32    4.0237844e+32    0.0000000e+00    0.0000000e+00
0358    2.5602823e+02    2.6320956e+02    2.7080533e+02    5.1567298e+32    3.8675475e+32    3.8675475e+32    0.0000000e+00    0.0000000e+00
0359    2.7080533e+02    2.7840115e+02    2.8643533e+02    4.9165203e+32    3.6873905e+32    3.6873905e+32    0.0000000e+00    0.0000000e+00
0360    2.8643533e+02    2.9446954e+02    3.0296747e+02    4.6470876e+32    3.4853157e+32    3.4853157e+32    0.0000000e+00    0.0000000e+00
0361    3.0296747e+02    3.1146536e+02    3.2045377e+02    4.3512633e+32    3.2634475e+32    3.2634475e+32    0.0000000e+00    0.0000000e+00
0362    3.2045377e+02    3.2944214e+02    3.3894928e+02    4.0331889e+32    3.0248920e+32    3.0248920e+32    0.0000000e+00    0.0000000e+00
0363    3.3894928e+02    3.4845645e+02    3.5851236e+02    3.6976840e+32    2.7732629e+32    2.7732629e+32    0.0000000e+00    0.0000000e+00
0364    3.5851236e+02    3.6856824e+02    3.7920453e+02    3.3506379e+32    2.5129786e+32    2.5129786e+32    0.0000000e+00    0.0000000e+00
0365    3.7920453e+02    3.8984079e+02    4.0109097e+02    2.9982823e+32    2.2487117e+32    2.2487117e+32    0.0000000e+00    0.0000000e+00
0366    4.0109097e+02    4.1234113e+02    4.2424063e+02    2.6470373e+32    1.9852779e+32    1.9852779e+32    0.0000000e+00    0.0000000e+00
0367    4.2424063e+02    4.3614011e+02    4.4872641e+02    2.3034580e+32    1.7275937e+32    1.7275937e+32    0.0000000e+00    0.0000000e+00
0368    4.4872641e+02    4.6131268e+02    4.7462543e+02    1.9737327e+32    1.4802995e+32    1.4802995e+32    0.0000000e+00    0.0000000e+00
0369    4.7462543e+02    4.8793817e+02    5.0201929e+02    1.6636249e+32    1.2477186e+32    1.2477186e+32    0.0000000e+00    0.0000000e+00
0370    5.0201929e+02    5.1610034e+02    5.3099420e+02    1.3776310e+32    1.0332233e+32    1.0332233e+32    0.0000000e+00    0.0000000e+00
0371    5.3099420e+02    5.4588800e+02    5.6164142e+02    1.1195948e+32    8.3969608e+31    8.3969608e+31    0.0000000e+00    0.0000000e+00
0372    5.6164142e+02    5.7739490e+02    5.9405756e+02    8.9190408e+31    6.6892801e+31    6.6892801e+31    0.0000000e+00    0.0000000e+00
0373    5.9405756e+02    6.1072021e+02    6.2834460e+02    6.9555474e+31    5.2166609e+31    5.2166609e+31    0.0000000e+00    0.0000000e+00
0374    6.2834460e+02    6.4596899e+02    6.6461060e+02    5.3026576e+31    3.9769931e+31    3.9769931e+31    0.0000000e+00    0.0000000e+00
0375    6.6461060e+02    6.8325226e+02    7.0296979e+02    3.9458033e+31    2.9593525e+31    2.9593525e+31    0.0000000e+00    0.0000000e+00
0376    7.0296979e+02    7.2268732e+02    7.4354291e+02    2.8610975e+31    2.1458233e+31    2.1458233e+31    0.0000000e+00    0.0000000e+00
0377    7.4354291e+02    7.6439844e+02    7.8645776e+02    2.0192481e+31    1.5144361e+31    1.5144361e+31    0.0000000e+00    0.0000000e+00
0378    7.8645776e+02    8.0851709e+02    8.3184955e+02    1.3846336e+31    1.0384753e+31    1.0384753e+31    0.0000000e+00    0.0000000e+00
0379    8.3184955e+02    8.5518201e+02    8.7986121e+02    9.2051607e+30    6.9038701e+30    6.9038701e+30    0.0000000e+00    0.0000000e+00
0380    8.7986121e+02    9.0454034e+02    9.3064392e+02    5.9219274e+30    4.4414454e+30    4.4414454e+30    0.0000000e+00    0.0000000e+00
0381    9.3064392e+02    9.5674744e+02    9.8435760e+02    3.6818050e+30    2.7613537e+30    2.7613537e+30    0.0000000e+00    0.0000000e+00
0382    9.8435760e+02    1.0119678e+03    1.0411715e+03    2.2057332e+30    1.6543000e+30    1.6543000e+30    0.0000000e+00    0.0000000e+00
0383    1.0411715e+03    1.0703752e+03    1.1012646e+03    1.2712529e+30    9.5343967e+29    9.5343967e+29    0.0000000e+00    0.0000000e+00
0384    1.1012646e+03    1.1321538e+03    1.1648260e+03    7.0299656e+29    5.2724738e+29    5.2724738e+29    0.0000000e+00    0.0000000e+00
0385    1.1648260e+03    1.1974982e+03    1.2320559e+03    3.7211258e+29    2.7908444e+29    2.7908444e+29    0.0000000e+00    0.0000000e+00
0386    1.2320559e+03    1.2666138e+03    1.3031661e+03    1.8810601e+29    1.4107950e+29    1.4107950e+29    0.0000000e+00    0.0000000e+00
0387    1.3031661e+03    1.3397185e+03    1.3783807e+03    9.0510803e+28    6.7883107e+28    6.7883107e+28    0.0000000e+00    0.0000000e+00
0388    1.3783807e+03    1.4170428e+03    1.4579363e+03    4.1353461e+28    3.1015093e+28    3.1015093e+28    0.0000000e+00    0.0000000e+00
0389    1.4579363e+03    1.4988298e+03    1.5420836e+03    1.7887844e+28    1.3415882e+28    1.3415882e+28    0.0000000e+00    0.0000000e+00
0390    1.5420836e+03    1.5853374e+03    1.6310876e+03    7.2976600e+27    5.4732452e+27    5.4732452e+27    0.0000000e+00    0.0000000e+00
0391    1.6310876e+03    1.6768380e+03    1.7252288e+03    2.8003840e+27    2.1002878e+27    2.1002878e+27    0.0000000e+00    0.0000000e+00
0392    1.7252288e+03    1.7736196e+03    1.8248033e+03    1.0069328e+27    7.5519959e+26    7.5519959e+26    0.0000000e+00    0.0000000e+00
0393    1.8248033e+03    1.8759871e+03    1.9301251e+03    3.3785001e+26    2.5338752e+26    2.5338752e+26    0.0000000e+00    0.0000000e+00
0394    1.9301251e+03    1.9842629e+03    2.0415255e+03    1.0542505e+26    7.9068786e+25    7.9068786e+25    0.0000000e+00    0.0000000e+00
0395    2.0415255e+03    2.0987881e+03    2.1593557e+03    3.0453843e+25    2.2840383e+25    2.2840383e+25    0.0000000e+00    0.0000000e+00
0396    2.1593557e+03    2.2199233e+03    2.2839866e+03    8.1097052e+24    6.0822789e+24    6.0822789e+24    0.0000000e+00    0.0000000e+00
0397    2.2839866e+03    2.3480500e+03    2.4158110e+03    1.9814132e+24    1.4860599e+24    1.4860599e+24    0.0000000e+00    0.0000000e+00
0398    2.4158110e+03    2.4835720e+03    2.5552437e+03    4.4192310e+23    3.3144234e+23    3.3144234e+23    0.0000000e+00    0.0000000e+00
0399    2.5552437e+03    2.6269155e+03    2.7027241e+03    8.9509259e+22    6.7131944e+22    6.7131944e+22    0.0000000e+00    0.0000000e+00
0400    2.7027241e+03    2.7785325e+03    2.8587166e+03    1.6374245e+22    1.2280683e+22    1.2280683e+22    0.0000000e+00    0.0000000e+00
0401    2.8587166e+03    2.9389004e+03    3.0237122e+03    2.6894056e+21    2.0170540e+21    2.0170540e+21    0.0000000e+00    0.0000000e+00
0402    3.0237122e+03    3.1085242e+03    3.1982310e+03    3.9427646e+20    2.9570734e+20    2.9570734e+20    0.0000000e+00    0.0000000e+00
0403    3.1982310e+03    3.2879380e+03    3.3828225e+03    5.1260283e+19    3.8445211e+19    3.8445211e+19    0.0000000e+00    0.0000000e+00
0404    3.3828225e+03    3.4777070e+03    3.5780681e+03    5.8713536e+18    4.4035152e+18    4.4035152e+18    0.0000000e+00    0.0000000e+00
0405    3.5780681e+03    3.6784290e+03    3.7845825e+03    5.8728771e+17    4.4046577e+17    4.4046577e+17    0.0000000e+00    0.0000000e+00
0406    3.7845825e+03    3.8907358e+03    4.0030161e+03    5.1044187e+16    3.8283139e+16    3.8283139e+16    0.0000000e+00    0.0000000e+00
0407    4.0030161e+03    4.1152964e+03    4.2340576e+03    3.8147054e+15    2.8610288e+15    2.8610288e+15    0.0000000e+00    0.0000000e+00
0408    4.2340576e+03    4.3528179e+03    4.4784331e+03    2.4332924e+14    1.8249694e+14    1.8249694e+14    0.0000000e+00    0.0000000e+00
0409    4.4784331e+03    4.6040483e+03    4.7369136e+03    1.3121063e+13    9.8407977e+12    9.8407977e+12    0.0000000e+00    0.0000000e+00
0410    4.7369136e+03    4.8697788e+03    5.0103130e+03    5.9249073e+11    4.4436806e+11    4.4436806e+11    0.0000000e+00    0.0000000e+00
0411    5.0103130e+03    5.1508472e+03    5.2994922e+03    2.2192546e+10    1.6644410e+10    1.6644410e+10    0.0000000e+00    0.0000000e+00
0412    5.2994922e+03    5.4481367e+03    5.6053613e+03    6.8279136e+08    5.1209354e+08    5.1209354e+08    0.0000000e+00    0.0000000e+00
0413    5.6053613e+03    5.7625859e+03    5.9288848e+03    1.7019626e+07    1.2764720e+07    1.2764720e+07    0.0000000e+00    0.0000000e+00
0414    5.9288848e+03    6.0951836e+03    6.2710806e+03    3.4017134e+05    2.5512848e+05    2.5512848e+05    0.0000000e+00    0.0000000e+00
0415    6.2710806e+03    6.4469771e+03    6.6330269e+03    5.3803530e+03    4.0352644e+03    4.0352644e+03    0.0000000e+00    0.0000000e+00
0416    6.6330269e+03    6.8190762e+03    7.0158633e+03    6.6565926e+01    4.9924446e+01    4.9924446e+01    0.0000000e+00    0.0000000e+00
0417    7.0158633e+03    7.2126509e+03    7.4207964e+03    0.0000000e+00    0.0000000e+00    0.0000000e+00    0.0000000e+00    0.0000000e+00
0418    7.4207964e+03    7.6289414e+03    7.8491006e+03    0.0000000e+00    0.0000000e+00    0.0000000e+00    0.0000000e+00    0.0000000e+00
0419    7.8491006e+03    8.0692588e+03    8.3021250e+03    0.0000000e+00    0.0000000e+00    0.0000000e+00    0.0000000e+00    0.0000000e+00
0420    8.3021250e+03    8.5349912e+03    8.7812969e+03    0.0000000e+00    0.0000000e+00    0.0000000e+00    0.0000000e+00    0.0000000e+00
0421    8.7812969e+03    9.0276025e+03    9.2881240e+03    0.0000000e+00    0.0000000e+00    0.0000000e+00    0.0000000e+00    0.0000000e+00
0422    9.2881240e+03    9.5486455e+03    9.8242051e+03    0.0000000e+00    0.0000000e+00    0.0000000e+00    0.0000000e+00    0.0000000e+00
0423    9.8242051e+03    1.0099763e+04    1.0391225e+04    0.0000000e+00    0.0000000e+00    0.0000000e+00    0.0000000e+00    0.0000000e+00
0424    1.0391225e+04    1.0682688e+04    1.0990973e+04    0.0000000e+00    0.0000000e+00    0.0000000e+00    0.0000000e+00    0.0000000e+00
0425    1.0990973e+04    1.1299258e+04    1.1625336e+04    0.0000000e+00    0.0000000e+00    0.0000000e+00    0.0000000e+00    0.0000000e+00
0426    1.1625336e+04    1.1951414e+04    1.2296312e+04    0.0000000e+00    0.0000000e+00    0.0000000e+00    0.0000000e+00    0.0000000e+00
0427    1.2296312e+04    1.2641211e+04    1.3006017e+04    0.0000000e+00    0.0000000e+00    0.0000000e+00    0.0000000e+00    0.0000000e+00
0428    1.3006017e+04    1.3370820e+04    1.3756681e+04    0.0000000e+00    0.0000000e+00    0.0000000e+00    0.0000000e+00    0.0000000e+00
0429    1.3756681e+04    1.4142541e+04    1.4550671e+04    0.0000000e+00    0.0000000e+00    0.0000000e+00    0.0000000e+00    0.0000000e+00
0430    1.4550671e+04    1.4958803e+04    1.5390488e+04    0.0000000e+00    0.0000000e+00    0.0000000e+00    0.0000000e+00    0.0000000e+00
0431    1.5390488e+04    1.5822175e+04    1.6278777e+04    0.0000000e+00    0.0000000e+00    0.0000000e+00    0.0000000e+00    0.0000000e+00
0432    1.6278777e+04    1.6735379e+04    1.7218336e+04    0.0000000e+00    0.0000000e+00    0.0000000e+00    0.0000000e+00    0.0000000e+00
0433    1.7218336e+04    1.7701291e+04    1.8212121e+04    0.0000000e+00    0.0000000e+00    0.0000000e+00    0.0000000e+00    0.0000000e+00
0434    1.8212121e+04    1.8722953e+04    1.9263266e+04    0.0000000e+00    0.0000000e+00    0.0000000e+00    0.0000000e+00    0.0000000e+00
0435    1.9263266e+04    1.9803580e+04    2.0375078e+04    0.0000000e+00    0.0000000e+00    0.0000000e+00    0.0000000e+00    0.0000000e+00
0436    2.0375078e+04    2.0946578e+04    2.1551062e+04    0.0000000e+00    0.0000000e+00    0.0000000e+00    0.0000000e+00    0.0000000e+00
0437    2.1551062e+04    2.2155545e+04    2.2794918e+04    0.0000000e+00    0.0000000e+00    0.0000000e+00    0.0000000e+00    0.0000000e+00
0438    2.2794918e+04    2.3434293e+04    2.4110568e+04    0.0000000e+00    0.0000000e+00    0.0000000e+00    0.0000000e+00    0.0000000e+00
0439    2.4110568e+04    2.4786842e+04    2.5502150e+04    0.0000000e+00    0.0000000e+00    0.0000000e+00    0.0000000e+00    0.0000000e+00
0440    2.5502150e+04    2.6217459e+04    2.6974053e+04    0.0000000e+00    0.0000000e+00    0.0000000e+00    0.0000000e+00    0.0000000e+00
0441    2.6974053e+04    2.7730645e+04    2.8530904e+04    0.0000000e+00    0.0000000e+00    0.0000000e+00    0.0000000e+00    0.0000000e+00
0442    2.8530904e+04    2.9331168e+04    3.0177617e+04    0.0000000e+00    0.0000000e+00    0.0000000e+00    0.0000000e+00    0.0000000e+00
0443    3.0177617e+04    3.1024066e+04    3.1919369e+04    0.0000000e+00    0.0000000e+00    0.0000000e+00    0.0000000e+00    0.0000000e+00
0444    3.1919369e+04    3.2814672e+04    3.3761652e+04    0.0000000e+00    0.0000000e+00    0.0000000e+00    0.0000000e+00    0.0000000e+00
0445    3.3761652e+04    3.4708629e+04    3.5710266e+04    0.0000000e+00    0.0000000e+00    0.0000000e+00    0.0000000e+00    0.0000000e+00
0446    3.5710266e+04    3.6711898e+04    3.7771348e+04    0.0000000e+00    0.0000000e+00    0.0000000e+00    0.0000000e+00    0.0000000e+00
0447    3.7771348e+04    3.8830789e+04    3.9951383e+04    0.0000000e+00    0.0000000e+00    0.0000000e+00    0.0000000e+00    0.0000000e+00
0448    3.9951383e+04    4.1071980e+04    4.2257246e+04    0.0000000e+00    0.0000000e+00    0.0000000e+00    0.0000000e+00    0.0000000e+00
0449    4.2257246e+04    4.3442520e+04    4.4696195e+04    0.0000000e+00    0.0000000e+00    0.0000000e+00    0.0000000e+00    0.0000000e+00
0450    4.4696195e+04    4.5949879e+04    4.7275918e+04    0.0000000e+00    0.0000000e+00    0.0000000e+00    0.0000000e+00    0.0000000e+00
0451    4.7275918e+04    4.8601957e+04    5.0004527e+04    0.0000000e+00    0.0000000e+00    0.0000000e+00    0.0000000e+00    0.0000000e+00
0452    5.0004527e+04    5.1407102e+04    5.2890625e+04    0.0000000e+00    0.0000000e+00    0.0000000e+00    0.0000000e+00    0.0000000e+00
0453    5.2890625e+04    5.4374152e+04    5.5943301e+04    0.0000000e+00    0.0000000e+00    0.0000000e+00    0.0000000e+00    0.0000000e+00
0454    5.5943301e+04    5.7512449e+04    5.9172164e+04    0.0000000e+00    0.0000000e+00    0.0000000e+00    0.0000000e+00    0.0000000e+00
0455    5.9172164e+04    6.0831883e+04    6.2587391e+04    0.0000000e+00    0.0000000e+00    0.0000000e+00    0.0000000e+00    0.0000000e+00
0456    6.2587391e+04    6.4342898e+04    6.6199727e+04    0.0000000e+00    0.0000000e+00    0.0000000e+00    0.0000000e+00    0.0000000e+00
0457    6.6199727e+04    6.8056562e+04    7.0020562e+04    0.0000000e+00    0.0000000e+00    0.0000000e+00    0.0000000e+00    0.0000000e+00
0458    7.0020562e+04    7.1984570e+04    7.4061922e+04    0.0000000e+00    0.0000000e+00    0.0000000e+00    0.0000000e+00    0.0000000e+00
0459    7.4061922e+04    7.6139281e+04    7.8336531e+04    0.0000000e+00    0.0000000e+00    0.0000000e+00    0.0000000e+00    0.0000000e+00
0460    7.8336531e+04    8.0533789e+04    8.2857867e+04    0.0000000e+00    0.0000000e+00    0.0000000e+00    0.0000000e+00    0.0000000e+00
0461    8.2857867e+04    8.5181938e+04    8.7640156e+04    0.0000000e+00    0.0000000e+00    0.0000000e+00    0.0000000e+00    0.0000000e+00
0462    8.7640156e+04    9.0098359e+04    9.2698453e+04    0.0000000e+00    0.0000000e+00    0.0000000e+00    0.0000000e+00    0.0000000e+00
0463    9.2698453e+04    9.5298539e+04    9.8048703e+04    0.0000000e+00    0.0000000e+00    0.0000000e+00    0.0000000e+00    0.0000000e+00
0464    9.8048703e+04    1.0079887e+05    1.0370776e+05    0.0000000e+00    0.0000000e+00    0.0000000e+00    0.0000000e+00    0.0000000e+00
0465    1.0370776e+05    1.0661665e+05    1.0969343e+05    0.0000000e+00    0.0000000e+00    0.0000000e+00    0.0000000e+00    0.0000000e+00
0466    1.0969343e+05    1.1277022e+05    1.1602458e+05    0.0000000e+00    0.0000000e+00    0.0000000e+00    0.0000000e+00    0.0000000e+00
0467    1.1602458e+05    1.1927895e+05    1.2272114e+05    0.0000000e+00    0.0000000e+00    0.0000000e+00    0.0000000e+00    0.0000000e+00
0468    1.2272114e+05    1.2616334e+05    1.2980420e+05    0.0000000e+00    0.0000000e+00    0.0000000e+00    0.0000000e+00    0.0000000e+00
0469    1.2980420e+05    1.3344506e+05    1.3729608e+05    0.0000000e+00    0.0000000e+00    0.0000000e+00    0.0000000e+00    0.0000000e+00
0470    1.3729608e+05    1.4114709e+05    1.4522036e+05    0.0000000e+00    0.0000000e+00    0.0000000e+00    0.0000000e+00    0.0000000e+00
0471    1.4522036e+05    1.4929362e+05    1.5360200e+05    0.0000000e+00    0.0000000e+00    0.0000000e+00    0.0000000e+00    0.0000000e+00
0472    1.5360200e+05    1.5791038e+05    1.6246742e+05    0.0000000e+00    0.0000000e+00    0.0000000e+00    0.0000000e+00    0.0000000e+00
0473    1.6246742e+05    1.6702444e+05    1.7184450e+05    0.0000000e+00    0.0000000e+00    0.0000000e+00    0.0000000e+00    0.0000000e+00
0474    1.7184450e+05    1.7666455e+05    1.8176281e+05    0.0000000e+00    0.0000000e+00    0.0000000e+00    0.0000000e+00    0.0000000e+00
0475    1.8176281e+05    1.8686106e+05    1.9225356e+05    0.0000000e+00    0.0000000e+00    0.0000000e+00    0.0000000e+00    0.0000000e+00
0476    1.9225356e+05    1.9764608e+05    2.0334981e+05    0.0000000e+00    0.0000000e+00    0.0000000e+00    0.0000000e+00    0.0000000e+00
0477    2.0334981e+05    2.0905356e+05    2.1508650e+05    0.0000000e+00    0.0000000e+00    0.0000000e+00    0.0000000e+00    0.0000000e+00
0478    2.1508650e+05    2.2111944e+05    2.2750059e+05    0.0000000e+00    0.0000000e+00    0.0000000e+00    0.0000000e+00    0.0000000e+00
0479    2.2750059e+05    2.3388173e+05    2.4063119e+05    0.0000000e+00    0.0000000e+00    0.0000000e+00    0.0000000e+00    0.0000000e+00
0480    2.4063119e+05    2.4738062e+05    2.5451962e+05    0.0000000e+00    0.0000000e+00    0.0000000e+00    0.0000000e+00    0.0000000e+00
0481    2.5451962e+05    2.6165862e+05    2.6920969e+05    0.0000000e+00    0.0000000e+00    0.0000000e+00    0.0000000e+00    0.0000000e+00
0482    2.6920969e+05    2.7676069e+05    2.8474759e+05    0.0000000e+00    0.0000000e+00    0.0000000e+00    0.0000000e+00    0.0000000e+00
0483    2.8474759e+05    2.9273444e+05    3.0118228e+05    0.0000000e+00    0.0000000e+00    0.0000000e+00    0.0000000e+00    0.0000000e+00
0484    3.0118228e+05    3.0963012e+05    3.1856553e+05    0.0000000e+00    0.0000000e+00    0.0000000e+00    0.0000000e+00    0.0000000e+00
0485    3.1856553e+05    3.2750097e+05    3.3695212e+05    0.0000000e+00    0.0000000e+00    0.0000000e+00    0.0000000e+00    0.0000000e+00
0486    3.3695212e+05    3.4640325e+05    3.5639988e+05    0.0000000e+00    0.0000000e+00    0.0000000e+00    0.0000000e+00    0.0000000e+00
0487    3.5639988e+05    3.6639650e+05    3.7697012e+05    0.0000000e+00    0.0000000e+00    0.0000000e+00    0.0000000e+00    0.0000000e+00
0488    3.7697012e+05    3.8754372e+05    3.9872759e+05    0.0000000e+00    0.0000000e+00    0.0000000e+00    0.0000000e+00    0.0000000e+00
0489    3.9872759e+05    4.0991147e+05    4.2174088e+05    0.0000000e+00    0.0000000e+00    0.0000000e+00    0.0000000e+00    0.0000000e+00
0490    4.2174088e+05    4.3357022e+05    4.4608238e+05    0.0000000e+00    0.0000000e+00    0.0000000e+00    0.0000000e+00    0.0000000e+00
0491    4.4608238e+05    4.5859450e+05    4.7182878e+05    0.0000000e+00    0.0000000e+00    0.0000000e+00    0.0000000e+00    0.0000000e+00
0492    4.7182878e+05    4.8506309e+05    4.9906119e+05    0.0000000e+00    0.0000000e+00    0.0000000e+00    0.0000000e+00    0.0000000e+00
0493    4.9906119e+05    5.1305934e+05    5.2786538e+05    0.0000000e+00    0.0000000e+00    0.0000000e+00    0.0000000e+00    0.0000000e+00
0494    5.2786538e+05    5.4267144e+05    5.5833206e+05    0.0000000e+00    0.0000000e+00    0.0000000e+00    0.0000000e+00    0.0000000e+00
0495    5.5833206e+05    5.7399269e+05    5.9055719e+05    0.0000000e+00    0.0000000e+00    0.0000000e+00    0.0000000e+00    0.0000000e+00
0496    5.9055719e+05    6.0712169e+05    6.2464219e+05    0.0000000e+00    0.0000000e+00    0.0000000e+00    0.0000000e+00    0.0000000e+00
0497    6.2464219e+05    6.4216275e+05    6.6069456e+05    0.0000000e+00    0.0000000e+00    0.0000000e+00    0.0000000e+00    0.0000000e+00
0498    6.6069456e+05    6.7922631e+05    6.9882762e+05    0.0000000e+00    0.0000000e+00    0.0000000e+00    0.0000000e+00    0.0000000e+00
0499    6.9882762e+05    7.1842900e+05    7.3916169e+05    0.0000000e+00    0.0000000e+00    0.0000000e+00    0.0000000e+00    0.0000000e+00
0500    7.3916169e+05    7.5989444e+05    7.8182369e+05    0.0000000e+00    0.0000000e+00    0.0000000e+00    0.0000000e+00    0.0000000e+00
0501    7.8182369e+05    8.0375300e+05    8.2694800e+05    0.0000000e+00    0.0000000e+00    0.0000000e+00    0.0000000e+00    0.0000000e+00
0502    8.2694800e+05    8.5014300e+05    8.7467675e+05    0.0000000e+00    0.0000000e+00    0.0000000e+00    0.0000000e+00    0.0000000e+00
0503    8.7467675e+05    8.9921050e+05    9.2516025e+05    0.0000000e+00    0.0000000e+00    0.0000000e+00    0.0000000e+00    0.0000000e+00
0504    9.2516025e+05    9.5111000e+05    9.7855750e+05    0.0000000e+00    0.0000000e+00    0.0000000e+00    0.0000000e+00    0.0000000e+00
0505    9.7855750e+05    1.0060049e+06    1.0350366e+06    0.0000000e+00    0.0000000e+00    0.0000000e+00    0.0000000e+00    0.0000000e+00
0506    1.0350366e+06    1.0640684e+06    1.0947756e+06    0.0000000e+00    0.0000000e+00    0.0000000e+00    0.0000000e+00    0.0000000e+00
0507    1.0947756e+06    1.1254828e+06    1.1579624e+06    0.0000000e+00    0.0000000e+00    0.0000000e+00    0.0000000e+00    0.0000000e+00
0508    1.1579624e+06    1.1904420e+06    1.2247962e+06    0.0000000e+00    0.0000000e+00    0.0000000e+00    0.0000000e+00    0.0000000e+00
0509    1.2247962e+06    1.2591505e+06    1.2954875e+06    0.0000000e+00    0.0000000e+00    0.0000000e+00    0.0000000e+00    0.0000000e+00
0510    1.2954875e+06    1.3318245e+06    1.3702589e+06    0.0000000e+00    0.0000000e+00    0.0000000e+00    0.0000000e+00    0.0000000e+00
0511    1.3702589e+06    1.4086930e+06    1.4493456e+06    0.0000000e+00    0.0000000e+00    0.0000000e+00    0.0000000e+00    0.0000000e+00
0512    1.4493456e+06    1.4899982e+06    1.5329972e+06    0.0000000e+00    0.0000000e+00    0.0000000e+00    0.0000000e+00    0.0000000e+00
