# Spectrum in nu*Fnu and in erg/s/cm^2. Reminder: m (gram) = 1.998e+34 and Dist(cm) = 3.086e+22. 
#  This spectrum is for values of r (in Rg) in interval on next line:
#  2.1 2.34
7.652e-33
2.054e-33
2.921e-33
4.139e-33
5.855e-33
8.274e-33
1.171e-32
1.654e-32
2.338e-32
3.309e-32
4.678e-32
6.615e-32
9.373e-32
1.326e-31
1.877e-31
2.658e-31
3.771e-31
5.342e-31
7.571e-31
1.075e-30
1.525e-30
2.163e-30
3.068e-30
4.363e-30
6.195e-30
8.797e-30
1.252e-29
1.779e-29
2.529e-29
3.602e-29
5.123e-29
7.288e-29
1.037e-28
1.479e-28
2.105e-28
2.998e-28
4.279e-28
6.097e-28
8.689e-28
1.238e-27
1.770e-27
2.524e-27
3.600e-27
5.147e-27
7.346e-27
1.049e-26
1.500e-26
2.143e-26
3.061e-26
4.372e-26
6.253e-26
8.857e-26
1.103e-25
1.118e-25
1.131e-25
8.143e-26
9.853e-26
7.712e-26
1.321e-25
1.609e-25
2.132e-25
3.095e-25
3.784e-25
6.198e-25
6.913e-25
1.078e-24
1.414e-24
1.878e-24
2.722e-24
3.496e-24
5.390e-24
6.477e-24
9.917e-24
1.265e-23
1.838e-23
2.429e-23
3.327e-23
4.723e-23
6.374e-23
8.757e-23
1.238e-22
1.665e-22
2.308e-22
3.200e-22
4.391e-22
6.037e-22
8.378e-22
1.152e-21
1.593e-21
2.200e-21
3.040e-21
4.202e-21
5.808e-21
8.029e-21
1.110e-20
1.534e-20
2.121e-20
2.931e-20
4.052e-20
5.601e-20
7.743e-20
1.070e-19
1.479e-19
2.045e-19
2.827e-19
3.908e-19
5.401e-19
7.466e-19
1.032e-18
1.427e-18
1.972e-18
2.726e-18
3.768e-18
5.208e-18
7.199e-18
9.951e-18
1.375e-17
1.901e-17
2.628e-17
3.633e-17
5.021e-17
6.940e-17
9.593e-17
1.326e-16
1.833e-16
2.533e-16
3.501e-16
4.840e-16
6.689e-16
9.246e-16
1.278e-15
1.766e-15
2.441e-15
3.373e-15
4.660e-15
6.436e-15
8.883e-15
1.224e-14
1.683e-14
2.307e-14
3.153e-14
4.302e-14
5.864e-14
7.977e-14
1.079e-13
1.445e-13
1.899e-13
2.413e-13
2.903e-13
3.272e-13
3.492e-13
3.592e-13
3.613e-13
3.580e-13
3.493e-13
3.348e-13
3.167e-13
2.982e-13
2.809e-13
2.652e-13
2.516e-13
2.405e-13
2.331e-13
2.306e-13
2.342e-13
2.447e-13
2.624e-13
2.870e-13
3.181e-13
3.551e-13
3.976e-13
4.454e-13
4.982e-13
5.559e-13
6.183e-13
6.852e-13
7.564e-13
8.314e-13
9.099e-13
9.910e-13
1.074e-12
1.158e-12
1.243e-12
1.326e-12
1.407e-12
1.486e-12
1.562e-12
1.635e-12
1.705e-12
1.774e-12
1.841e-12
1.909e-12
1.978e-12
2.048e-12
2.120e-12
2.195e-12
2.273e-12
2.355e-12
2.442e-12
2.534e-12
2.632e-12
2.735e-12
2.842e-12
2.954e-12
3.070e-12
3.191e-12
3.317e-12
3.449e-12
3.590e-12
3.741e-12
3.903e-12
4.080e-12
4.273e-12
4.482e-12
4.711e-12
4.958e-12
5.226e-12
5.513e-12
5.819e-12
6.145e-12
6.490e-12
6.853e-12
7.234e-12
7.632e-12
8.048e-12
8.482e-12
8.933e-12
9.402e-12
9.890e-12
1.040e-11
1.092e-11
1.146e-11
1.203e-11
1.261e-11
1.321e-11
1.383e-11
1.447e-11
1.513e-11
1.579e-11
1.647e-11
1.716e-11
1.786e-11
1.855e-11
1.924e-11
1.992e-11
2.059e-11
2.124e-11
2.185e-11
2.243e-11
2.297e-11
2.344e-11
2.385e-11
2.418e-11
2.442e-11
2.456e-11
2.458e-11
2.447e-11
2.421e-11
2.379e-11
2.321e-11
2.244e-11
2.149e-11
2.035e-11
1.902e-11
1.751e-11
1.585e-11
1.406e-11
1.218e-11
1.027e-11
8.399e-12
6.627e-12
5.017e-12
3.623e-12
2.480e-12
1.596e-12
9.595e-13
5.325e-13
2.707e-13
1.249e-13
5.116e-14
1.873e-14
5.895e-15
1.588e-15
3.672e-16
6.641e-17
1.037e-17
1.216e-18
1.064e-19
4.579e-21
2.421e-22
1.200e-23
3.473e-25
2.985e-27
5.895e-29
3.100e-31
2.444e-33
7.823e-36
1.686e-45
1.518e-46
4.341e-48
2.427e-49
6.450e-51
7.714e-59
8.593e-59
9.572e-59
1.066e-58
1.188e-58
1.323e-58
1.474e-58
1.642e-58
1.829e-58
2.038e-58
2.270e-58
2.529e-58
2.817e-58
3.138e-58
3.496e-58
3.894e-58
4.338e-58
4.832e-58
5.383e-58
5.997e-58
6.680e-58
7.441e-58
8.289e-58
9.234e-58
1.029e-57
1.146e-57
1.277e-57
1.422e-57
1.584e-57
1.765e-57
1.966e-57
2.190e-57
2.439e-57
2.717e-57
3.027e-57
3.372e-57
3.756e-57
4.185e-57
4.661e-57
5.193e-57
5.785e-57
6.444e-57
7.178e-57
7.996e-57
8.908e-57
9.923e-57
1.105e-56
1.231e-56
1.372e-56
1.528e-56
1.702e-56
1.896e-56
2.112e-56
2.353e-56
2.621e-56
2.920e-56
3.253e-56
3.624e-56
4.037e-56
4.497e-56
5.009e-56
5.580e-56
6.216e-56
6.925e-56
7.714e-56
8.593e-56
9.572e-56
1.066e-55
1.188e-55
1.323e-55
1.474e-55
1.642e-55
1.829e-55
2.038e-55
2.270e-55
2.529e-55
2.817e-55
3.138e-55
3.496e-55
3.894e-55
4.338e-55
4.832e-55
5.383e-55
5.997e-55
6.680e-55
7.441e-55
8.289e-55
9.234e-55
1.029e-54
1.146e-54
1.277e-54
1.422e-54
1.584e-54
1.765e-54
1.966e-54
2.190e-54
2.439e-54
2.717e-54
3.027e-54
3.372e-54
3.756e-54
4.185e-54
4.661e-54
5.193e-54
5.785e-54
6.444e-54
7.178e-54
7.996e-54
8.908e-54
9.923e-54
1.105e-53
1.231e-53
1.372e-53
1.528e-53
1.702e-53
1.896e-53
2.112e-53
2.353e-53
2.621e-53
2.920e-53
3.253e-53
3.624e-53
4.037e-53
4.497e-53
5.009e-53
5.580e-53
6.216e-53
6.925e-53
7.714e-53
8.593e-53
9.572e-53
1.066e-52
1.188e-52
1.323e-52
1.474e-52
1.642e-52
1.829e-52
2.038e-52
2.270e-52
2.529e-52
2.817e-52
3.138e-52
3.496e-52
3.894e-52
4.338e-52
4.832e-52
5.383e-52
5.997e-52
6.680e-52
7.441e-52
8.289e-52
9.234e-52
1.029e-51
1.146e-51
1.277e-51
1.422e-51
1.584e-51
1.765e-51
1.966e-51
2.190e-51
2.439e-51
2.717e-51
3.027e-51
3.372e-51
3.756e-51
4.185e-51
4.661e-51
5.193e-51
5.785e-51
6.444e-51
7.178e-51
7.996e-51
8.908e-51
9.923e-51
1.105e-50
1.231e-50
1.372e-50
1.528e-50
1.702e-50
1.896e-50
2.112e-50
2.353e-50
2.621e-50
2.920e-50
3.253e-50
3.624e-50
4.037e-50
4.497e-50
5.009e-50
5.580e-50
6.216e-50
6.925e-50
7.714e-50
8.593e-50
9.572e-50
1.066e-49
1.188e-49
1.323e-49
1.474e-49
1.642e-49
1.829e-49
2.038e-49
2.270e-49
2.529e-49
2.817e-49
3.138e-49
3.496e-49
3.894e-49
4.338e-49
4.832e-49
