# Spectrum in nu*Fnu and in erg/s/cm^2. Reminder: m (gram) = 1.998e+34 and Dist(cm) = 3.086e+22. 
#  This spectrum is for values of r (in Rg) in interval on next line:
#  5.01 5.59
2.641e-32
1.302e-32
1.877e-32
2.693e-32
3.853e-32
5.502e-32
7.868e-32
1.122e-31
1.601e-31
2.289e-31
3.267e-31
4.661e-31
6.669e-31
9.521e-31
1.360e-30
1.942e-30
2.780e-30
3.973e-30
5.678e-30
8.135e-30
1.163e-29
1.663e-29
2.378e-29
3.411e-29
4.880e-29
6.982e-29
1.002e-28
1.434e-28
2.053e-28
2.946e-28
4.219e-28
6.043e-28
8.656e-28
1.243e-27
1.781e-27
2.553e-27
3.668e-27
5.258e-27
7.537e-27
1.081e-26
1.554e-26
2.228e-26
3.195e-26
4.588e-26
6.474e-26
8.236e-26
9.815e-26
9.795e-26
1.138e-25
1.165e-25
1.559e-25
2.091e-25
2.837e-25
4.251e-25
4.993e-25
5.489e-25
5.173e-25
3.776e-25
3.870e-25
3.609e-25
5.937e-25
6.445e-25
1.001e-24
1.349e-24
1.732e-24
2.653e-24
3.193e-24
5.054e-24
6.122e-24
9.172e-24
1.230e-23
1.661e-23
2.321e-23
3.171e-23
4.395e-23
5.793e-23
8.416e-23
1.137e-22
1.544e-22
2.151e-22
2.957e-22
4.093e-22
5.635e-22
7.783e-22
1.069e-21
1.475e-21
2.039e-21
2.815e-21
3.890e-21
5.377e-21
7.432e-21
1.027e-20
1.420e-20
1.963e-20
2.714e-20
3.751e-20
5.185e-20
7.167e-20
9.907e-20
1.369e-19
1.893e-19
2.617e-19
3.617e-19
5.000e-19
6.911e-19
9.553e-19
1.321e-18
1.825e-18
2.523e-18
3.488e-18
4.821e-18
6.663e-18
9.210e-18
1.273e-17
1.760e-17
2.432e-17
3.362e-17
4.647e-17
6.423e-17
8.879e-17
1.227e-16
1.696e-16
2.345e-16
3.241e-16
4.479e-16
6.191e-16
8.557e-16
1.183e-15
1.635e-15
2.259e-15
3.122e-15
4.315e-15
5.963e-15
8.238e-15
1.138e-14
1.570e-14
2.165e-14
2.977e-14
4.074e-14
5.523e-14
7.351e-14
9.428e-14
1.151e-13
1.354e-13
1.565e-13
1.805e-13
2.090e-13
2.411e-13
2.712e-13
2.917e-13
3.000e-13
2.985e-13
2.915e-13
2.830e-13
2.760e-13
2.721e-13
2.718e-13
2.750e-13
2.813e-13
2.902e-13
3.016e-13
3.155e-13
3.321e-13
3.512e-13
3.726e-13
3.961e-13
4.218e-13
4.499e-13
4.813e-13
5.172e-13
5.591e-13
6.083e-13
6.658e-13
7.318e-13
8.060e-13
8.876e-13
9.755e-13
1.068e-12
1.165e-12
1.263e-12
1.360e-12
1.454e-12
1.544e-12
1.625e-12
1.696e-12
1.755e-12
1.803e-12
1.839e-12
1.867e-12
1.889e-12
1.912e-12
1.938e-12
1.971e-12
2.011e-12
2.058e-12
2.108e-12
2.164e-12
2.224e-12
2.293e-12
2.372e-12
2.464e-12
2.567e-12
2.679e-12
2.798e-12
2.922e-12
3.047e-12
3.172e-12
3.296e-12
3.420e-12
3.541e-12
3.662e-12
3.780e-12
3.897e-12
4.011e-12
4.123e-12
4.232e-12
4.338e-12
4.443e-12
4.545e-12
4.646e-12
4.747e-12
4.849e-12
4.955e-12
5.066e-12
5.184e-12
5.312e-12
5.451e-12
5.603e-12
5.770e-12
5.951e-12
6.147e-12
6.357e-12
6.581e-12
6.818e-12
7.066e-12
7.323e-12
7.588e-12
7.857e-12
8.129e-12
8.402e-12
8.672e-12
8.937e-12
9.194e-12
9.439e-12
9.670e-12
9.882e-12
1.007e-11
1.024e-11
1.038e-11
1.048e-11
1.054e-11
1.057e-11
1.055e-11
1.048e-11
1.035e-11
1.017e-11
9.920e-12
9.608e-12
9.229e-12
8.783e-12
8.268e-12
7.688e-12
7.049e-12
6.357e-12
5.626e-12
4.871e-12
4.112e-12
3.372e-12
2.673e-12
2.040e-12
1.490e-12
1.034e-12
6.780e-13
4.169e-13
2.379e-13
1.251e-13
5.978e-14
2.576e-14
9.886e-15
3.290e-15
9.597e-16
2.333e-16
4.735e-17
7.987e-18
1.003e-18
1.075e-19
8.020e-21
4.268e-22
1.888e-23
3.891e-25
8.043e-27
8.801e-29
3.616e-31
8.298e-37
2.521e-38
9.848e-40
2.157e-41
8.517e-49
2.937e-49
6.784e-50
1.921e-50
3.638e-51
8.290e-54
3.996e-54
1.288e-54
5.403e-55
1.597e-55
3.621e-58
4.033e-58
4.493e-58
5.005e-58
5.576e-58
6.211e-58
6.919e-58
7.708e-58
8.586e-58
9.565e-58
1.065e-57
1.187e-57
1.322e-57
1.473e-57
1.641e-57
1.828e-57
2.036e-57
2.268e-57
2.527e-57
2.815e-57
3.135e-57
3.493e-57
3.891e-57
4.334e-57
4.828e-57
5.379e-57
5.992e-57
6.674e-57
7.435e-57
8.283e-57
9.227e-57
1.028e-56
1.145e-56
1.275e-56
1.421e-56
1.583e-56
1.763e-56
1.964e-56
2.188e-56
2.437e-56
2.715e-56
3.025e-56
3.369e-56
3.753e-56
4.181e-56
4.658e-56
5.189e-56
5.780e-56
6.439e-56
7.172e-56
7.990e-56
8.901e-56
9.915e-56
1.105e-55
1.230e-55
1.371e-55
1.527e-55
1.701e-55
1.895e-55
2.111e-55
2.351e-55
2.619e-55
2.918e-55
3.250e-55
3.621e-55
4.033e-55
4.493e-55
5.005e-55
5.576e-55
6.211e-55
6.919e-55
7.708e-55
8.586e-55
9.565e-55
1.065e-54
1.187e-54
1.322e-54
1.473e-54
1.641e-54
1.828e-54
2.036e-54
2.268e-54
2.527e-54
2.815e-54
3.135e-54
3.493e-54
3.891e-54
4.334e-54
4.828e-54
5.379e-54
5.992e-54
6.674e-54
7.435e-54
8.283e-54
9.227e-54
1.028e-53
1.145e-53
1.275e-53
1.421e-53
1.583e-53
1.763e-53
1.964e-53
2.188e-53
2.437e-53
2.715e-53
3.025e-53
3.369e-53
3.753e-53
4.181e-53
4.658e-53
5.189e-53
5.780e-53
6.439e-53
7.172e-53
7.990e-53
8.901e-53
9.915e-53
1.105e-52
1.230e-52
1.371e-52
1.527e-52
1.701e-52
1.895e-52
2.111e-52
2.351e-52
2.619e-52
2.918e-52
3.250e-52
3.621e-52
4.033e-52
4.493e-52
5.005e-52
5.576e-52
6.211e-52
6.919e-52
7.708e-52
8.586e-52
9.565e-52
1.065e-51
1.187e-51
1.322e-51
1.473e-51
1.641e-51
1.828e-51
2.036e-51
2.268e-51
2.527e-51
2.815e-51
3.135e-51
3.493e-51
3.891e-51
4.334e-51
4.828e-51
5.379e-51
5.992e-51
6.674e-51
7.435e-51
8.283e-51
9.227e-51
1.028e-50
1.145e-50
1.275e-50
1.421e-50
1.583e-50
1.763e-50
1.964e-50
2.188e-50
2.437e-50
2.715e-50
3.025e-50
3.369e-50
3.753e-50
4.181e-50
4.658e-50
5.189e-50
5.780e-50
6.439e-50
7.172e-50
7.990e-50
8.901e-50
9.915e-50
1.105e-49
1.230e-49
1.371e-49
1.527e-49
1.701e-49
1.895e-49
2.111e-49
2.351e-49
2.619e-49
2.918e-49
3.250e-49
3.621e-49
4.033e-49
4.493e-49
5.005e-49
5.576e-49
6.211e-49
6.919e-49
7.708e-49
8.586e-49
9.565e-49
1.065e-48
1.187e-48
1.322e-48
