5.386e-10
5.999e-10
6.683e-10
7.445e-10
8.293e-10
9.238e-10
1.029e-09
1.146e-09
1.277e-09
1.423e-09
1.585e-09
1.765e-09
1.967e-09
2.191e-09
2.440e-09
2.719e-09
3.028e-09
3.374e-09
3.758e-09
4.187e-09
4.664e-09
5.195e-09
5.787e-09
6.447e-09
7.182e-09
8.000e-09
8.912e-09
9.928e-09
1.106e-08
1.232e-08
1.372e-08
1.529e-08
1.703e-08
1.897e-08
2.113e-08
2.354e-08
2.623e-08
2.921e-08
3.254e-08
3.625e-08
4.039e-08
4.499e-08
5.012e-08
5.583e-08
6.219e-08
6.928e-08
7.717e-08
8.597e-08
9.577e-08
1.067e-07
1.188e-07
1.324e-07
1.475e-07
1.643e-07
1.830e-07
2.039e-07
2.271e-07
2.530e-07
2.818e-07
3.139e-07
3.497e-07
3.896e-07
4.340e-07
4.834e-07
5.386e-07
5.999e-07
6.683e-07
7.445e-07
8.293e-07
9.238e-07
1.029e-06
1.146e-06
1.277e-06
1.423e-06
1.585e-06
1.765e-06
1.967e-06
2.191e-06
2.440e-06
2.719e-06
3.028e-06
3.374e-06
3.758e-06
4.187e-06
4.664e-06
5.195e-06
5.787e-06
6.447e-06
7.182e-06
8.000e-06
8.912e-06
9.928e-06
1.106e-05
1.232e-05
1.372e-05
1.529e-05
1.703e-05
1.897e-05
2.113e-05
2.354e-05
2.623e-05
2.921e-05
3.254e-05
3.625e-05
4.039e-05
4.499e-05
5.012e-05
5.583e-05
6.219e-05
6.928e-05
7.717e-05
8.597e-05
9.577e-05
1.067e-04
1.188e-04
1.324e-04
1.475e-04
1.643e-04
1.830e-04
2.039e-04
2.271e-04
2.530e-04
2.818e-04
3.139e-04
3.497e-04
3.896e-04
4.340e-04
4.834e-04
5.386e-04
5.999e-04
6.683e-04
7.445e-04
8.293e-04
9.238e-04
1.029e-03
1.146e-03
1.277e-03
1.423e-03
1.585e-03
1.765e-03
1.967e-03
2.191e-03
2.440e-03
2.719e-03
3.028e-03
3.374e-03
3.758e-03
4.187e-03
4.664e-03
5.195e-03
5.787e-03
6.447e-03
7.182e-03
8.000e-03
8.912e-03
9.928e-03
1.106e-02
1.232e-02
1.372e-02
1.529e-02
1.703e-02
1.897e-02
2.113e-02
2.354e-02
2.623e-02
2.921e-02
3.254e-02
3.625e-02
4.039e-02
4.499e-02
5.012e-02
5.583e-02
6.219e-02
6.928e-02
7.717e-02
8.597e-02
9.577e-02
1.067e-01
1.188e-01
1.324e-01
1.475e-01
1.643e-01
1.830e-01
2.039e-01
2.271e-01
2.530e-01
2.818e-01
3.139e-01
3.497e-01
3.896e-01
4.340e-01
4.834e-01
5.386e-01
5.999e-01
6.683e-01
7.445e-01
8.293e-01
9.238e-01
1.029e+00
1.146e+00
1.277e+00
1.423e+00
1.585e+00
1.765e+00
1.967e+00
2.191e+00
2.440e+00
2.719e+00
3.028e+00
3.374e+00
3.758e+00
4.187e+00
4.664e+00
5.195e+00
5.787e+00
6.447e+00
7.182e+00
8.000e+00
8.912e+00
9.928e+00
1.106e+01
1.232e+01
1.372e+01
1.529e+01
1.703e+01
1.897e+01
2.113e+01
2.354e+01
2.623e+01
2.921e+01
3.254e+01
3.625e+01
4.039e+01
4.499e+01
5.012e+01
5.583e+01
6.219e+01
6.928e+01
7.717e+01
8.597e+01
9.577e+01
1.067e+02
1.188e+02
1.324e+02
1.475e+02
1.643e+02
1.830e+02
2.039e+02
2.271e+02
2.530e+02
2.818e+02
3.139e+02
3.497e+02
3.896e+02
4.340e+02
4.834e+02
5.386e+02
5.999e+02
6.683e+02
7.445e+02
8.293e+02
9.238e+02
1.029e+03
1.146e+03
1.277e+03
1.423e+03
1.585e+03
1.765e+03
1.967e+03
2.191e+03
2.440e+03
2.719e+03
3.028e+03
3.374e+03
3.758e+03
4.187e+03
4.664e+03
5.195e+03
5.787e+03
6.447e+03
7.182e+03
8.000e+03
8.912e+03
9.928e+03
1.106e+04
1.232e+04
1.372e+04
1.529e+04
1.703e+04
1.897e+04
2.113e+04
2.354e+04
2.623e+04
2.921e+04
3.254e+04
3.625e+04
4.039e+04
4.499e+04
5.012e+04
5.583e+04
6.219e+04
6.928e+04
7.717e+04
8.597e+04
9.577e+04
1.067e+05
1.188e+05
1.324e+05
1.475e+05
1.643e+05
1.830e+05
2.039e+05
2.271e+05
2.530e+05
2.818e+05
3.139e+05
3.497e+05
3.896e+05
4.340e+05
4.834e+05
5.386e+05
5.999e+05
6.683e+05
7.445e+05
8.293e+05
9.238e+05
1.029e+06
1.146e+06
1.277e+06
1.423e+06
1.585e+06
1.765e+06
1.967e+06
2.191e+06
2.440e+06
2.719e+06
3.028e+06
3.374e+06
3.758e+06
4.187e+06
4.664e+06
5.195e+06
5.787e+06
6.447e+06
7.182e+06
8.000e+06
8.912e+06
9.928e+06
1.106e+07
1.232e+07
1.372e+07
1.529e+07
1.703e+07
1.897e+07
2.113e+07
2.354e+07
2.623e+07
2.921e+07
3.254e+07
3.625e+07
4.039e+07
4.499e+07
5.012e+07
5.583e+07
6.219e+07
6.928e+07
7.717e+07
8.597e+07
9.577e+07
1.067e+08
1.188e+08
1.324e+08
1.475e+08
1.643e+08
1.830e+08
2.039e+08
2.271e+08
2.530e+08
2.818e+08
3.139e+08
3.497e+08
3.896e+08
4.340e+08
4.834e+08
5.386e+08
5.999e+08
6.683e+08
7.445e+08
8.293e+08
9.238e+08
1.029e+09
1.146e+09
1.277e+09
1.423e+09
1.585e+09
1.765e+09
1.967e+09
2.191e+09
2.440e+09
2.719e+09
3.028e+09
3.374e+09
3.758e+09
4.187e+09
4.664e+09
5.195e+09
5.787e+09
6.447e+09
7.182e+09
8.000e+09
8.912e+09
9.928e+09
1.106e+10
1.232e+10
1.372e+10
1.529e+10
1.703e+10
1.897e+10
2.113e+10
2.354e+10
2.623e+10
2.921e+10
3.254e+10
3.625e+10
4.039e+10
4.499e+10
5.012e+10
5.583e+10
6.219e+10
6.928e+10
7.717e+10
8.597e+10
9.577e+10
1.067e+11
1.188e+11
1.324e+11
1.475e+11
1.643e+11
1.830e+11
2.039e+11
2.271e+11
2.530e+11
2.818e+11
3.139e+11
3.497e+11
3.896e+11
4.340e+11
4.834e+11
5.386e+11
5.999e+11
6.683e+11
7.445e+11
8.293e+11
9.238e+11
1.029e+12
1.146e+12
1.277e+12
1.423e+12
1.585e+12
1.765e+12
1.967e+12
2.191e+12
2.440e+12
2.719e+12
3.028e+12
3.374e+12
3.758e+12
4.187e+12
4.664e+12
5.195e+12
5.787e+12
6.447e+12
7.182e+12
8.000e+12
8.912e+12
9.928e+12
1.106e+13
1.232e+13
1.372e+13
1.529e+13
1.703e+13
1.897e+13
2.113e+13
2.354e+13
2.623e+13
2.921e+13
3.254e+13
3.625e+13
4.039e+13
4.499e+13
5.012e+13
5.583e+13
6.219e+13
6.928e+13
7.717e+13
8.597e+13
9.577e+13
1.067e+14
1.188e+14
1.324e+14
1.475e+14
1.643e+14
1.830e+14
2.039e+14
2.271e+14
2.530e+14
2.818e+14
3.139e+14
3.497e+14
3.896e+14
4.340e+14
4.834e+14
